160.6412805561325 -10.31396014255173
160.2657532795108 -10.18048498846429
160.0313273519798 -10.1589881488551
159.7987992231233 -10.06170620900932
159.4529966924734 -9.838767254782516
159.1716440156861 -9.736432618446395
158.8833489327897 -9.623471766138058
158.3154733586779 -9.364251763688804
158.1752187311729 -9.332705673343185
157.9921461457737 -9.241411782627884
157.831137052363 -9.192684992423926
157.7575199536859 -9.138894671500305
157.7150575752604 -9.094373451538241
157.6474017137682 -9.068333868138996
157.5801718222556 -9.057509014265227
157.4788054569615 -9.024733874670748
157.4155024626606 -8.973083041178134
157.3912325014658 -8.935601084790047
157.3253751272009 -8.886495257969104
157.2696531733484 -8.831728141185524
157.2118534211406 -8.7875318562142
157.187893209709 -8.757684632899402
157.1458231416698 -8.723241090738133
157.1111916891649 -8.678441662036493
157.0716426415245 -8.641393400516771
157.0089276103358 -8.602415356505057
156.9330373227897 -8.551066302088955
156.8645723630504 -8.489333468528249
156.7931153452397 -8.412387172011851
156.6884886719981 -8.346371714430413
156.6622978456889 -8.329213757654934
156.4634119940445 -8.172203259093479
156.3845529540783 -8.092842852732961
156.2750325073344 -8.058757265780821
156.2219067931228 -8.05476929943652
156.0807121941946 -7.96978603251098
155.893784549498 -7.841979000677426
155.7105151333456 -7.746589443341078
155.5439634554392 -7.673544550302397
155.4008783104126 -7.611595043215107
155.272844555228 -7.532205680219234
155.0704688465034 -7.411377986551454
154.9015017332182 -7.315803109910108
154.7707891439178 -7.166285893620637
154.6676958700225 -7.036995905159655
154.566137955202 -6.954973097996256
154.454410202245 -6.868101557400869
