Eurasia 71.298 121.805 0.225
NorthAmerica -33.612 97.427 0.02
Nubia 80.869 81.206 0.216
Antartica 51.407 125.508 0.235
Aktug13_1 37.981 34.783 1.673
Marmara_sliver 44.832 44.781 0.612
Marmara 40.577 33.708 1.822
BlackSea 67.679 66.52 0.352
Aktug13_2 37.856 35.672 0.972
Aktug13_3 39.85 35.242 1.128
Ovacik 38.067 38.56 1.464
South_of_Ararat 44.699 42.011 1.223
TIP_iran -29.902 -131.002 0.826
kuril-north -42.437 -38.265 1.839
IMP -37.072 -32.016 0.785
Alborz -28.072 -127.081 0.903
Central_Iran 13.483 -117.727 0.199
SouthCaspian 37.575 -134.223 0.131
Austrailia 27.151 52.586 0.746
ESIL -21.849 56.286 0.504
POFZ 19.631 29.471 0.813
HOPE -44.975 157.161 2.737
AWAT -41.241 143.204 1.609
FORE 40.179 15.01 1.746
FIOR 39.215 0.131 2.91
Caribbean 75.408 -142.538 0.177
ANDE -4.066 107.551 1.33
KAB_iran 66.545 35.258 0.283
ADB_iran 68.422 28.169 0.267
NDR_iran -25.391 -122.853 1.096
Timor 10.192 99.334 1.147
BLEN 40.956 3.7 4.116
Akarnania -34.748 -169.759 1.076
NorthernGreece -35.158 -161.428 2.16
Aegean -6.856 139.61 0.339
CentralGreece -38.004 -158.585 11.377
Aragats 47.898 45.366 1.31
Kars 64.767 42.552 0.375
Azerban_new1 46.732 46.278 1.801
Caucasus 47.293 44.666 1.706
Azerban_new2 1.764 -132.799 0.222
NorthCyprus 38.961 34.973 1.854
VernantAnatolia 36.164 40.743 0.799
run_away_02 64.006 122.727 0.368
NW_china 75.124 -92.504 0.154
northern 72.515 114.558 0.283
south_of_haiyuan -14.211 -78.061 0.572
Bering -59.472 9.256 0.212
Aleutian2 -48.775 -4.838 0.664
Aleutian1 53.77 -158.012 0.748
Mongolia_Altai -46.464 -88.122 4.732
Mongolia 61.607 110.488 0.426
Cyprus 38.199 35.136 2.138
Indoburman -18.397 -78.555 1.358
Burma -1.677 -83.501 2.197
Dauky 1.246 -69.766 0.62
India 44.367 42.405 0.666
SouthAmerica -15.075 125.17 0.151
Chile 8.886 123.33 0.262
urbino -23.287 -170.395 0.552
NorthAdria 64.549 23.23 0.517
bologna 56.388 16.201 0.91
Central_Italy2 51.55 15.546 1.099
Central_italy1 59.677 17.093 0.674
Apulia 34.332 -171.417 0.199
Epiro 44.085 21.827 1.85
INDO_new -14.352 119.408 1.797
PACIFIC -49.689 108.609 0.776
WAIR 27.723 16.929 1.189
PEGA 31.182 9.891 1.767
Denali 60.232 -150.204 1.436
MO_indo -0.391 131.533 5.46
PNG 24.639 101.701 0.935
WNIS 37.102 28.075 1.241
Bakail 58.883 111.311 0.653
East_sula -2.365 106.303 1.099
BandaSea -2.911 126.439 9.365
CA_forearc 20.496 -94.335 0.622
CCRDB 12.293 -85.291 6.094
bennett1 24.951 -86.578 0.826
bennett2 18.717 114.023 0.442
Panama 16.263 108.496 0.473
BeringDefm 58.729 -141.874 2.584
Yakataga -61.383 41.481 4.528
NorthernAlaska 77.939 -119.524 0.142
Gunare 13.423 -73.825 0.493
Bulnay -32.198 -86.132 0.484
Valera -8.91 111.019 2.972
Maracaibo -7.631 110.796 1.078
MARA -2.073 114.47 0.656
Motagua_polochic -13.374 89.209 1.07
HAST 38.417 2.748 4.819
ILOC 13.98 119.341 9.795
CAG2 -4.54 106.242 1.44
CIB_iran 72.278 -39.042 0.197
Makran2Zagros 37.105 52.621 1.372
Doruneh -18.643 -123.923 0.551
CHCH -38.252 77.56 0.605
LongitudinalValley -11.591 79.252 0.865
okinawa 25.777 148.096 1.332
LosBajos 9.887 -61.127 6.389
CTBt -45.008 69.36 0.344
EOre -44.253 65.867 0.432
EWas -43.448 69.589 0.166
Calabrian -30.841 -165.141 1.522
HB_iran 23.704 -134.49 0.221
Chaman 57.098 46.186 0.401
pamir001 43.311 61.451 0.536
Tajik -29.641 -113.266 0.718
makran 35.658 66.879 1.003
Changhua -23.407 -59.019 32.288
NorthOfChelungpo 38.545 123.499 0.626
EKSH -23.505 -58.182 24.557
Chiloe -55.333 -100.297 0.499
Yakutat 48.997 -162.408 1.925
Foreland 49.927 -160.377 1.481
IcyBay -60.978 40.649 14.698
TaiwanEast 16.216 112.442 3.992
SanBernadino 32.319 -120.631 2.559
SouthEastAsia 73.788 -124.042 0.235
CENV -14.579 -50.573 1.465
GOOD -7.617 145.807 11.004
TROB 22.59 44.371 0.829
ChinaSea 44.676 126.356 0.692
Taipei2 25.464 121.314 23.157
Tintina -15.381 74.487 0.037
QueenCharlotte -59.956 51.026 0.433
Myanmar_L 18.077 -91.706 0.351
NorthZagros 19.095 -105.445 0.196
SouthZagros 59.653 28.191 0.334
Talesh 57.228 41.464 0.603
PhipSea -29.308 -50.382 4.676
EJAV 38.982 120.448 0.348
SUMB -3.191 114.609 3.238
Philippines_sliver_north 9.201 117.8 4.24
PhilippineSea -41.973 -21.25 1.059
LB_iran 51.917 60.409 0.507
Makassar 0.766 119.617 2.77
WMAK 52.311 118.313 0.336
SCOA 15.854 92.01 0.92
YFTB -44.081 65.466 0.45
Gobi_TienShan 54.93 83.156 0.678
Junggar_new_new 73.14 78.49 0.298
East_china_sea 57.612 126.274 0.437
SouthChinaBlock 69.342 133.101 0.309
Huaihe 70.245 135.952 0.3
Manado 1.836 -54.583 5.162
MolucaSea -29.499 -29.542 0.9
ELBC_karak 71.171 29.2 0.41
Maturin -2.97 118.273 1.011
Karpenissi -37.621 -160.375 4.759
FIJI 2.019 141.756 0.844
Junggar1 52.325 84.505 1.059
NAndes 9.215 124.21 0.288
Inca_1 9.178 114.713 0.246
Inca_2 8.371 140.23 0.111
NorthAndes_South -2.835 114.94 0.643
North_Sulawesi 7.703 -38.65 1.07
GONA 4.671 108.305 0.287
dsfsdf -22.804 -77.66 1.098
Nevada -53.188 81.208 0.092
Gegharkunik 52.868 45.013 0.804
Chalderan_B5 46.886 43.741 1.61
SRPn -46.084 66.625 0.351
cnv -43.411 65.976 0.376
IdWy 43.195 -112.138 0.632
greenwood 37.474 -125.317 3.164
SierraBlock -37.753 177.7 0.132
Greenville 36.871 -121.522 7.491
ENIS 39.51 6.42 3.167
HISP 24.367 -70.804 1.172
PRVI 32.982 -72.166 0.565
SCEN -25.552 -58.696 6.841
HSSH -24 -57.735 16.081
EFSB -23.373 -59.182 30.823
Taipei 25.385 121.407 34.248
Okinawa -23.957 -58.754 2.446
arabia 49.073 29.147 0.541
NB_iran 59.939 48.937 0.369
InnerThrust -4.371 -147.352 0.162
Ionian -37.661 -160.437 8.917
WesternPeloponnese 37.034 23.111 9.961
southeast_Aegean -34.965 -157.313 6.679
W_Issykul 28.031 -132.547 0.146
W_Kyrgyz_2 69.451 112.212 0.222
Junggar3 54.573 85.518 0.893
Junggar2 -23.553 -113.535 0.258
BurmanRanges 38.81 78.738 0.557
Kadjerty 44.321 74.398 2.25
OKHOTSK 5.131 -4.033 0.033
Betics -22.463 168.613 0.666
EBET 56.38 6.146 0.549
CR_forearc -2.77 99.972 4.005
Nazca 68.096 -120.304 0.505
lebanon1 -33.307 -143.862 5.775
Sinai 55.736 35.243 0.362
syria -27.146 -141.85 0.971
lebanon2 47.088 30.044 0.611
LW 79.514 76.685 0.224
Somalia 80.116 75.694 0.234
NorthBismarck -48.819 101.537 0.816
SouthBismarck 6.368 -29.851 8.759
Maoke 9.935 -8.306 1.024
BirdsHead -9.499 126.106 3.681
CLUZ -7.592 113.73 0.994
RedSea 19.721 40.558 3.248
Menderes 37.249 38.793 1.409
Metzger -65.827 163.188 4.233
southernmost_sliver -15.542 -83.894 1.366
WNFB -51.718 41.047 0.816
SVAN 14.153 -9.151 11.048
NHIS -17.423 108.817 1.384
MANA 36.213 25.393 1.33
WELL 40.229 3.928 4.503
OTAG -8.428 48.822 0.566
Kermmadec 35.03 11.593 1.888
NorthChinaPlain 71.977 134.596 0.283
NorthernCordillera 70.032 -114.937 0.102
Novi 49.426 -129.715 0.909
Olym -51.668 59.277 0.259
vancouver -32.142 84.766 0.06
S_Kyrgyz 46.08 72.589 1.473
mendocino-ftb -42.709 60.1 2.168
Taco 54.906 -146.704 0.155
OrBR -43.923 63.573 0.906
wnv -44.502 66.012 0.593
Taihang 65.698 126.407 0.354
kuwana 39.589 133.618 0.714
Tonga 27.431 5.42 7.166
BBLK -30.431 -17.959 0.577
Sumatra_sliver 11.299 -70.047 0.557
90East 27.208 53.45 0.786
CVAN 0.634 41.299 1.084
sanriku -37.793 -32.373 1.164
JuanDeFuca -34.901 64.112 1.499
Cocos 28.961 -130.011 1.139
Rivera 22.237 -108.874 4.305
Marianas 14.847 143.452 6.099
SWL1 12.932 120.803 11.489
pnw01 52.027 173.162 0.125
honduras 23.739 -91.816 1.045
EAR2 76.159 -166.713 0.251
EAR1 33.414 34.294 0.415
MohawkValley -43.094 64.687 1.104
baja -50.417 105.01 0.767
kyrgyz_sliver -34.2 -113.356 0.853
W_Kyrgyz -14.087 -117.652 0.259
Kyrgyz_add_back 45.221 72.789 1.452
Kyrgyz 43.649 72.086 1.968
SanJacinto -40.955 170.552 0.336
Travis2 -63.946 157.386 0.63
fonseca 19.445 -87.876 1.366
Sicily 54.05 172.683 0.171
northeastern_Sicily 80.695 -0.347 0.269
southeastern_Sicily 66.778 175.962 0.179
YanShan 68.945 126.551 0.283
amur 69.581 127.025 0.256
above_baja -26.79 -169.761 0.374
western_tarim -23.753 -86.429 0.509
near_karakoram -29.993 -94.531 1.437
North_east_Tibet -5.786 -78.834 0.376
ql_small01 13.599 -83.495 0.203
SouthernOceanMini 58.842 127.592 1.281
NorthOfBNSSuture 26.799 -80.213 0.402
lms_01 -12.841 -81.122 0.792
iida -35.806 -38.967 2.154
tottori 68.362 129.16 0.259
DeathValley 32.006 -121.686 0.525
Salton 30.432 -121.643 2.721
san_gabriel -48.685 85.08 0.844
WhiteWolf -45.076 76.414 0.505
WesternMojave 20.849 -136.971 0.477
SouthernIslands 18.257 -135.781 1.068
Chino 32.346 -119.816 8.581
labasin -42.909 73.559 1.792
VerdugoHills -38.821 68.164 3.02
SanDiego -45.731 83.693 1.066
Helendale 27.013 -127.98 0.445
Landers 26.729 -128.334 0.435
MojaveEasternMost 33.467 -119.294 1.018
PanamintValley -38.943 68 0.997
coso 34.295 -120.21 4.682
wassuk -38.882 63.989 2.266
CoastalRanges -44.025 74.909 1.6
LittleVentura01 -39.457 67.251 2.962
sanfrancisco 31.538 -132.993 1.708
lafayette 36.083 -125.92 2.448
echubu 35.442 135.877 1.927
north_of_eastern_kunlun 69.226 -70.116 0.231
NE2 17.932 -78.858 0.251
fukushima -35.646 -40.683 9.949
biwa 36.687 135.908 2.235
yoro 36.393 136.11 4.578
chubu 36.512 134.607 1.765
carson -41.01 62.407 2.462
central_tibet -8.055 -84.209 0.782
southeast_01 -16.434 -84.519 1.352
WestOfSichuan 56.873 114.062 0.498
hima-block -11.375 -82.168 1.002
east-central-tibet -20.091 -85.725 1.709
new_e_syntaxis -18.823 -85.748 1.32
CentralTibet 43.717 72.854 0.979
Issykul 46.823 76.424 1.696
N_issykul 50.676 79.346 1.028
Scotia -67.661 -88.501 0.333
Sumatran_fault_splay 2.495 99.463 7.249
XXF -15.37 -82.676 1.039
   
