98.950000 24.570000 15 323 80 -172 232 82 -10 3.817611 28 0 0 1976-05-29T12:23:18
98.710000 24.530000 15 242 88 0 152 90 178 3.817611 28 0 0 1976-05-29T14:00:18
98.640000 24.340000 15 342 72 -169 249 80 -18 3.217671 25 0 0 1976-05-31T05:08:28
98.700000 24.780000 15 338 88 -178 248 88 -2 9.557259 25 0 0 1976-07-21T15:10:45
101.050000 27.600000 22 19 66 -6 111 84 -156 2.941880 26 0 0 1976-11-06T18:04:08
100.020000 0.450000 19 312 80 179 42 89 10 3.217671 25 0 0 1977-03-08T23:17:28
92.990000 21.750000 40 216 72 3 125 87 162 1.122018 25 0 0 1977-05-12T12:20:00
93.350000 23.480000 60 145 41 -171 48 84 -49 4.083194 22 0 0 1977-10-13T11:32:09
95.890000 3.510000 62 87 50 -176 354 87 -40 3.217671 25 0 0 1977-12-03T13:41:20
94.150000 6.340000 33 275 68 16 179 75 158 8.103389 21 0 0 1978-06-07T10:26:19
100.580000 20.510000 15 148 84 177 239 87 6 8.103389 21 0 0 1978-08-02T07:45:52
101.150000 27.640000 10 5 58 -26 109 68 -145 1.791465 22 0 0 1978-08-31T03:26:50
101.050000 23.040000 10 223 69 7 131 84 158 4.083194 22 0 0 1978-09-09T23:11:11
95.860000 16.600000 10 17 76 -168 284 78 -14 1.512400 24 0 0 1978-09-30T09:04:31
96.510000 14.560000 15 176 90 180 266 90 0 4.083194 22 0 0 1978-10-24T13:38:48
101.140000 23.160000 10 33 62 -3 124 87 -152 1.122018 25 0 0 1979-03-15T12:52:29
98.780000 0.540000 67 233 61 26 130 68 148 5.839491 23 0 0 1979-04-28T03:29:56
105.960000 -6.310000 118 69 58 171 164 82 33 4.050031 24 0 0 1979-05-07T12:52:06
103.640000 -5.960000 114 287 56 -25 32 70 -144 9.600452 22 0 0 1979-06-25T12:18:26
94.250000 1.190000 38 284 88 -179 194 89 -2 5.468585 29 0 0 1979-09-29T18:37:12
91.200000 6.390000 16 14 76 -7 106 83 -166 2.329879 23 0 0 1979-10-16T22:51:23
96.320000 25.210000 10 357 79 -175 266 85 -11 1.791465 22 0 0 1979-11-25T02:40:48
102.710000 -3.300000 26 229 74 -4 320 86 -164 1.069055 28 0 0 1979-12-15T00:02:41
88.870000 -3.390000 15 280 83 178 10 88 7 2.329879 23 0 0 1980-01-28T14:46:39
101.360000 27.810000 10 213 74 -6 304 84 -164 9.600452 22 0 0 1980-02-02T12:29:16
102.050000 -4.290000 55 37 47 162 139 77 44 1.791465 22 0 0 1980-03-18T00:43:29
97.560000 4.030000 48 72 80 5 341 85 170 3.217671 25 0 0 1980-04-01T16:21:48
93.830000 10.660000 156 154 58 146 264 62 37 1.791465 22 0 0 1980-06-01T23:11:24
88.750000 27.390000 44 209 51 -2 301 89 -141 2.941880 26 0 0 1980-11-19T19:00:46
85.460000 8.070000 15 340 73 -177 249 87 -17 9.600452 22 0 0 1981-04-12T10:18:33
96.620000 25.490000 37 298 66 -7 30 83 -156 3.776809 21 0 0 1981-08-16T18:55:41
99.350000 21.060000 16 77 60 13 341 79 150 8.103389 21 0 0 1981-09-12T05:25:19
101.350000 23.010000 10 143 71 -172 50 82 -19 4.083194 22 0 0 1981-09-19T06:50:59
100.290000 -1.010000 67 339 63 168 75 79 28 9.600452 22 0 0 1981-11-12T19:27:47
94.030000 6.940000 29 87 69 9 353 81 159 2.941880 26 0 0 1982-01-20T04:25:12
93.970000 7.120000 22 1 77 172 93 83 13 9.557259 25 0 0 1982-01-20T07:09:18
94.790000 5.680000 66 94 72 168 188 78 19 5.839491 23 0 0 1982-02-13T19:56:12
93.950000 7.430000 33 81 79 0 351 90 169 1.791465 22 0 0 1982-04-08T21:34:16
101.880000 21.920000 10 49 66 -3 141 87 -156 9.600452 22 0 0 1982-06-01T06:12:16
103.510000 -6.290000 37 82 60 -9 177 82 -149 5.839491 23 0 0 1982-06-25T10:23:52
90.620000 19.530000 29 240 73 0 330 90 -163 2.329879 23 0 0 1982-07-04T18:34:27
105.810000 23.840000 10 33 74 6 301 85 164 8.103389 21 0 0 1982-10-27T15:36:36
103.000000 -6.650000 49 2 56 156 106 70 36 4.083194 22 0 0 1983-01-22T01:24:33
100.780000 -6.150000 42 9 58 -25 113 69 -146 9.600452 22 0 0 1983-03-03T02:30:31
107.760000 -7.240000 123 350 56 32 241 64 142 4.083194 22 0 0 1983-03-09T00:05:46
103.380000 21.720000 10 20 66 0 110 90 -156 2.941880 26 0 0 1983-06-24T07:18:21
103.440000 21.770000 15 34 78 10 301 80 168 1.791465 22 0 0 1983-07-15T04:48:52
94.720000 25.070000 68 161 65 159 260 71 26 5.839491 23 0 0 1983-08-30T10:39:27
104.620000 -5.860000 52 103 63 26 1 67 150 1.791465 22 0 0 1983-11-03T10:40:51
96.060000 26.130000 144 177 58 147 286 62 37 4.083194 22 0 0 1983-11-16T00:54:11
99.150000 22.040000 17 84 69 13 349 78 159 4.050031 24 0 0 1984-04-23T22:29:58
93.520000 24.220000 61 157 69 161 254 73 22 1.122018 25 0 0 1984-05-06T15:19:11
104.250000 -5.810000 38 250 88 -1 340 89 -178 3.217671 25 0 0 1984-06-08T01:41:14
99.090000 1.730000 32 241 81 3 151 87 171 2.329879 23 0 0 1984-08-27T06:41:27
97.120000 26.660000 16 311 49 17 210 77 138 5.839491 23 0 0 1984-11-28T10:29:26
104.180000 -5.920000 34 343 79 -170 251 80 -11 4.083194 22 0 0 1984-12-14T21:45:13
94.640000 7.120000 17 144 72 176 235 87 18 3.776809 21 0 0 1985-01-04T06:57:03
104.380000 -6.370000 48 307 65 -173 214 83 -26 4.083194 22 0 0 1985-01-31T12:49:23
95.120000 11.430000 17 349 40 179 79 89 50 1.791465 22 0 0 1985-04-04T08:40:47
102.870000 25.900000 10 100 57 -170 5 82 -33 1.512400 24 0 0 1985-04-18T05:52:52
93.600000 8.430000 54 348 82 178 78 88 8 2.329879 23 0 0 1985-04-25T15:30:24
87.190000 18.340000 10 60 58 1 330 89 148 9.600452 22 0 0 1985-07-01T02:23:52
95.590000 5.740000 10 145 61 176 237 86 29 1.791465 22 0 0 1985-07-05T23:10:18
105.410000 -6.050000 31 50 51 -18 151 76 -140 2.329879 23 0 0 1985-08-10T04:12:46
97.740000 25.340000 60 14 65 177 105 87 25 9.600452 22 0 0 1985-09-05T18:30:22
104.210000 -5.780000 19 337 69 -175 245 86 -21 3.109627 27 0 0 1985-12-27T05:38:54
104.360000 -5.880000 22 342 80 174 73 84 10 3.217671 25 0 0 1985-12-28T23:10:53
104.280000 -6.030000 25 347 63 -161 248 73 -28 4.083194 22 0 0 1985-12-29T06:39:14
104.300000 -5.790000 33 230 68 -18 327 74 -157 3.776809 21 0 0 1985-12-31T09:38:55
86.530000 28.720000 81 140 46 -163 38 78 -45 8.103389 21 0 0 1986-01-10T03:46:27
94.180000 8.780000 15 346 86 -178 256 88 -4 1.122018 25 0 0 1986-01-28T12:32:17
92.920000 23.820000 33 224 62 -15 321 77 -152 4.083194 22 0 0 1986-02-08T00:28:53
91.170000 25.100000 18 340 50 180 70 90 40 1.791465 22 0 0 1986-02-19T17:34:24
94.280000 23.780000 64 130 72 15 36 76 162 9.600452 22 0 0 1986-07-26T20:24:48
95.270000 11.720000 33 173 82 172 265 82 8 3.776809 21 0 0 1986-08-07T12:10:18
100.240000 0.080000 15 66 81 10 334 81 170 4.083194 22 0 0 1986-08-12T05:09:07
96.390000 4.480000 21 118 68 166 214 77 22 4.083194 22 0 0 1986-09-08T02:39:52
95.150000 6.760000 206 274 79 0 4 90 -169 1.512400 24 0 0 1986-12-07T05:40:38
107.380000 -7.090000 56 151 69 178 242 88 21 1.791465 22 0 0 1986-12-12T15:55:24
103.290000 -4.930000 47 234 56 -2 325 89 -146 4.083194 22 0 0 1987-02-07T15:24:22
99.020000 2.260000 21 324 75 172 56 83 15 9.390023 26 0 0 1987-04-25T19:22:10
99.060000 2.020000 15 329 70 180 59 90 20 1.512400 24 0 0 1987-04-28T15:32:31
94.180000 25.260000 75 67 68 -14 163 77 -158 2.941880 26 0 0 1987-05-18T01:53:51
83.650000 29.420000 34 81 43 -10 178 83 -133 2.329879 23 0 0 1987-08-09T21:14:58
84.410000 -0.770000 15 307 90 180 37 90 0 1.791465 22 0 0 1987-09-22T07:17:23
95.350000 3.970000 52 192 71 0 102 90 161 8.103389 21 0 0 1987-10-14T23:30:24
108.810000 -8.150000 66 346 55 23 242 72 143 9.600452 22 0 0 1987-11-18T01:34:01
91.520000 24.650000 31 239 76 9 147 82 166 4.050031 24 0 0 1988-02-06T14:50:42
103.050000 -4.430000 60 144 83 173 235 83 7 1.812731 21 0 0 1988-05-05T20:51:14
102.130000 -3.420000 89 217 75 7 125 83 165 8.103389 21 0 0 1988-06-15T19:15:08
103.110000 -5.880000 33 60 51 175 153 86 39 5.839491 23 0 0 1988-10-10T19:26:41
99.770000 22.810000 15 333 78 174 64 84 12 2.196174 30 0 0 1988-11-06T13:03:17
99.660000 23.100000 15 333 70 180 63 90 20 1.791465 22 0 0 1988-11-15T10:28:16
99.830000 22.740000 15 71 61 14 334 78 151 9.600452 22 0 0 1988-11-27T04:17:55
99.840000 22.750000 15 167 75 -177 76 87 -15 3.217671 25 0 0 1988-11-30T08:13:29
92.300000 6.350000 15 291 71 -176 200 87 -19 1.512400 24 0 0 1989-02-10T16:59:19
96.830000 26.180000 33 295 60 24 193 69 148 1.791465 22 0 0 1989-02-12T07:55:47
94.150000 7.620000 33 62 66 16 326 76 156 4.083194 22 0 0 1989-02-18T11:01:45
94.050000 7.590000 15 138 58 -172 43 83 -32 1.791465 22 0 0 1989-02-19T01:45:56
97.940000 21.730000 58 73 79 9 341 82 169 1.512400 24 0 0 1989-03-01T03:25:07
94.580000 25.050000 85 71 81 -8 163 82 -171 2.329879 23 0 0 1989-04-03T19:39:35
94.650000 6.980000 33 56 49 -2 148 89 -139 8.103389 21 0 0 1989-05-03T18:44:54
99.470000 23.510000 15 335 76 169 68 79 15 2.329879 23 0 0 1989-05-07T00:38:18
89.770000 21.860000 15 354 67 164 90 75 24 1.512400 24 0 0 1989-06-12T00:04:10
102.430000 20.620000 15 25 65 -9 119 82 -154 2.329879 23 0 0 1989-06-16T20:12:31
95.680000 5.030000 100 169 54 28 62 68 141 2.329879 23 0 0 1989-07-20T06:27:30
96.160000 4.900000 30 309 62 177 40 88 28 1.791465 22 0 0 1989-07-30T19:14:39
95.020000 20.700000 144 83 59 145 192 61 36 4.083194 22 0 0 1989-09-24T10:55:21
98.770000 20.290000 15 76 72 -1 167 89 -162 1.512400 24 0 0 1989-09-28T21:52:17
98.850000 20.270000 15 85 78 -168 352 78 -13 1.512400 24 0 0 1989-09-30T18:19:23
82.430000 -0.320000 15 299 90 -180 29 90 0 1.791465 22 0 0 1989-10-15T23:40:35
95.030000 11.590000 59 258 81 -6 349 84 -171 5.839491 23 0 0 1990-01-09T15:35:48
95.190000 11.600000 61 260 81 0 170 90 171 4.050031 24 0 0 1990-01-10T11:53:21
105.860000 -6.830000 58 269 59 -24 12 69 -147 4.083194 22 0 0 1990-01-20T09:13:17
96.620000 25.560000 56 32 73 173 124 84 18 8.103389 21 0 0 1990-03-08T18:57:01
105.220000 -6.850000 53 36 61 -20 136 72 -150 1.512400 24 0 0 1990-04-06T05:47:44
94.350000 7.320000 15 332 73 -178 241 88 -17 2.329879 23 0 0 1990-04-30T18:00:16
93.980000 7.470000 15 185 73 180 275 90 17 1.122018 25 0 0 1990-08-18T18:52:36
92.280000 -2.200000 23 19 70 -2 110 88 -160 3.817611 28 0 0 1990-10-15T01:35:44
93.820000 12.190000 41 293 87 -2 23 88 -177 4.083194 22 0 0 1990-11-10T11:30:29
97.560000 3.950000 15 122 67 178 212 88 23 3.817611 28 0 0 1990-11-15T02:34:33
94.020000 8.230000 21 347 86 179 77 89 4 3.217671 25 0 0 1990-12-29T13:23:54
95.980000 23.480000 20 2 68 166 97 77 23 2.196174 30 0 0 1991-01-05T14:57:11
102.630000 -3.490000 121 199 65 19 101 73 154 9.600452 22 0 0 1991-01-26T00:19:03
93.450000 7.220000 33 219 43 0 309 90 -133 1.791465 22 0 0 1991-03-08T01:42:00
95.700000 15.650000 58 13 87 -180 283 90 -3 1.122018 25 0 0 1991-04-01T03:53:04
93.610000 24.160000 73 159 77 171 251 81 13 4.083194 22 0 0 1991-05-11T02:15:24
95.160000 12.620000 40 17 87 180 107 90 3 9.600452 22 0 0 1991-06-09T20:39:34
96.310000 14.850000 15 99 80 -7 191 84 -170 8.103389 21 0 0 1991-06-12T03:05:21
94.110000 8.260000 41 73 87 1 342 89 177 9.600452 22 0 0 1991-07-18T09:50:36
94.580000 6.930000 32 56 72 8 323 82 162 1.512400 24 0 0 1991-08-26T20:42:32
94.670000 6.890000 49 327 71 -168 233 78 -20 4.050031 24 0 0 1991-08-26T20:54:24
94.710000 6.680000 35 317 59 170 52 81 31 1.791465 22 0 0 1991-08-26T21:56:13
105.670000 -6.820000 31 129 70 -177 38 87 -20 4.083194 22 0 0 1991-10-23T05:27:16
93.850000 23.910000 70 245 68 11 151 79 157 9.600452 22 0 0 1991-12-04T03:27:24
106.120000 -5.990000 134 4 62 30 259 64 148 1.791465 22 0 0 1992-03-03T08:29:08
92.860000 9.230000 60 227 71 1 137 89 161 3.776809 21 0 0 1992-03-17T02:14:49
98.850000 22.340000 15 354 77 -168 262 79 -13 3.217671 25 0 0 1992-04-23T14:18:37
98.860000 22.360000 15 345 68 -173 252 84 -22 9.557259 25 0 0 1992-04-23T15:32:52
101.950000 -2.020000 148 295 49 164 35 78 42 1.791465 22 0 0 1992-06-12T18:11:08
95.890000 23.990000 22 8 69 -173 275 83 -21 2.941880 26 0 0 1992-06-15T02:48:56
89.960000 20.980000 30 79 59 13 342 79 148 1.791465 22 0 0 1992-07-09T21:34:01
96.290000 18.880000 48 68 65 7 335 84 155 4.083194 22 0 0 1992-10-28T07:02:08
102.180000 -4.090000 72 216 48 24 109 72 136 2.329879 23 0 0 1992-11-25T06:02:26
93.490000 9.190000 89 137 58 164 235 76 33 1.122018 25 0 0 1992-12-08T07:08:39
101.060000 23.020000 24 50 82 -5 141 85 -172 2.329879 23 0 0 1993-01-26T20:32:06
105.390000 -7.700000 68 80 66 173 173 83 24 1.512400 24 0 0 1993-02-10T10:53:14
94.420000 23.150000 107 99 44 -169 1 83 -46 3.776809 21 0 0 1993-04-01T16:30:11
101.460000 25.420000 33 209 76 15 115 76 165 8.103389 21 0 0 1993-08-14T14:30:04
104.210000 -5.770000 77 242 57 -16 341 77 -146 8.103389 21 0 0 1993-12-25T14:07:13
104.240000 -5.050000 16 315 71 176 46 86 19 5.468585 29 0 0 1994-02-15T17:07:42
96.840000 26.190000 15 96 57 26 352 68 144 4.050031 24 0 0 1994-04-06T07:03:27
94.270000 7.600000 41 148 85 177 238 87 5 4.050031 24 0 0 1994-05-25T18:42:19
94.000000 21.490000 64 216 73 0 306 90 -163 5.839491 23 0 0 1994-08-03T15:00:00
96.370000 17.870000 15 83 73 -5 175 85 -163 1.512400 24 0 0 1994-08-19T21:02:45
106.490000 -8.920000 41 64 66 -165 327 76 -25 5.839491 23 0 0 1994-09-12T11:30:14
93.920000 8.060000 33 350 58 -154 246 68 -35 8.103389 21 0 0 1994-10-02T00:55:37
96.700000 25.490000 42 34 76 179 124 89 14 4.050031 24 0 0 1994-11-21T08:16:36
95.720000 13.560000 22 17 74 -164 283 75 -16 1.791465 22 0 0 1994-11-22T15:38:34
109.410000 20.490000 32 8 68 17 272 74 157 1.791465 22 0 0 1994-12-31T02:57:20
109.150000 20.040000 15 264 64 -173 171 83 -26 9.600452 22 0 0 1995-01-10T10:09:51
102.760000 -5.860000 36 181 55 23 77 71 143 3.776809 21 0 0 1995-01-15T01:19:37
92.300000 27.610000 35 322 46 -172 226 84 -44 9.600452 22 0 0 1995-02-17T02:44:24
102.850000 22.700000 33 102 80 -173 11 83 -10 8.103389 21 0 0 1995-04-24T16:13:11
99.200000 22.000000 15 64 66 3 333 88 156 4.050031 24 0 0 1995-07-09T20:31:31
99.160000 21.930000 15 60 85 1 330 89 175 1.416881 29 0 0 1995-07-11T21:46:39
93.720000 8.880000 26 195 62 -156 93 69 -30 8.103389 21 0 0 1995-07-27T15:16:32
101.410000 -2.090000 16 326 74 -177 235 87 -16 3.817611 28 0 0 1995-10-06T18:09:45
98.660000 -6.420000 15 271 62 -179 181 89 -28 5.839491 23 0 0 1995-10-22T19:54:52
102.270000 26.000000 15 13 75 -9 105 81 -165 9.557259 25 0 0 1995-10-23T22:46:50
95.060000 1.850000 29 192 77 0 102 90 167 5.468585 29 0 0 1995-11-08T07:14:18
94.510000 6.970000 43 331 86 -178 241 88 -4 1.512400 24 0 0 1996-04-12T09:45:09
94.480000 7.130000 48 146 87 -179 56 89 -3 4.083194 22 0 0 1996-04-13T10:45:19
94.220000 8.270000 29 82 84 3 351 87 174 8.103389 21 0 0 1996-06-25T07:28:58
96.250000 25.170000 67 93 70 11 359 80 159 4.083194 22 0 0 1996-07-26T13:09:05
94.800000 21.310000 128 204 60 33 96 62 146 8.103389 21 0 0 1996-07-27T08:45:18
93.580000 -8.030000 15 269 90 -180 359 90 0 4.083194 22 0 0 1996-08-26T05:48:38
95.170000 5.850000 33 61 40 1 330 89 130 8.103389 21 0 0 1996-09-21T17:04:20
108.720000 -9.300000 38 141 58 155 245 69 34 2.329879 23 0 0 1996-09-25T21:16:09
97.940000 3.440000 22 54 88 -1 144 89 -178 2.941880 26 0 0 1996-10-10T15:21:04
106.980000 -7.760000 49 248 74 -164 153 74 -16 4.083194 22 0 0 1996-11-06T17:04:33
95.010000 19.330000 85 191 68 20 93 71 157 1.122018 25 0 0 1996-11-11T09:22:27
93.690000 8.860000 48 92 81 -4 182 86 -171 1.791465 22 0 0 1997-01-11T14:35:12
94.460000 22.570000 110 150 61 165 247 77 30 1.791465 22 0 0 1997-04-14T17:53:33
92.250000 24.890000 35 78 68 4 347 86 158 4.050031 24 0 0 1997-05-08T02:53:14
103.850000 -6.040000 15 325 50 156 71 72 42 3.776809 21 0 0 1997-07-27T22:35:58
96.490000 4.360000 15 25 75 -4 116 87 -165 1.122018 25 0 0 1997-08-20T07:15:16
94.600000 6.450000 119 196 86 4 106 86 176 1.812731 21 0 0 1997-08-26T13:17:26
86.850000 -0.480000 15 290 85 -179 200 89 -5 8.103389 21 0 0 1997-09-12T16:48:26
96.610000 25.380000 54 122 84 5 32 85 174 1.512400 24 0 0 1997-12-30T13:43:18
93.620000 9.350000 110 111 60 149 218 64 33 4.083194 22 0 0 1998-01-12T22:39:58
93.130000 1.640000 15 108 70 -169 14 80 -20 9.600452 22 0 0 1998-03-06T00:08:20
95.310000 24.930000 127 132 68 156 232 68 24 9.600452 22 0 0 1998-05-02T08:36:50
93.960000 10.150000 45 8 78 -174 277 84 -12 8.103389 21 0 0 1998-05-15T08:41:24
104.790000 -6.540000 42 12 70 -167 277 77 -20 8.103389 21 0 0 1998-05-24T02:24:52
104.910000 -6.510000 56 13 67 -159 275 71 -25 2.329879 23 0 0 1998-05-24T02:32:53
94.360000 7.350000 28 240 80 8 149 82 170 4.083194 22 0 0 1998-08-09T00:34:57
94.310000 7.320000 23 237 84 0 147 90 174 4.050031 24 0 0 1998-08-10T09:52:14
99.560000 -1.680000 33 89 74 173 181 83 16 3.776809 21 0 0 1998-08-25T14:54:52
94.280000 7.560000 52 156 78 -180 66 90 -12 4.083194 22 0 0 1998-10-15T19:05:24
98.800000 -6.220000 15 89 79 -178 359 88 -11 5.839491 23 0 0 1998-10-31T11:19:06
101.030000 27.310000 15 31 79 -9 123 81 -169 2.329879 23 0 0 1998-11-19T11:38:14
101.940000 -4.800000 30 348 43 167 88 81 48 8.103389 21 0 0 1998-12-20T20:51:53
107.130000 -7.530000 53 104 67 177 195 87 23 1.791465 22 0 0 1998-12-25T18:15:41
108.720000 -8.240000 102 46 57 165 144 78 34 1.791465 22 0 0 1999-01-26T15:53:27
95.850000 4.930000 15 34 67 0 304 90 157 9.600452 22 0 0 1999-02-15T05:46:12
101.980000 -2.770000 37 305 56 158 48 72 36 3.776809 21 0 0 1999-02-18T04:35:57
87.280000 -4.000000 15 118 47 174 212 86 43 1.512400 24 0 0 1999-03-29T06:17:58
93.680000 24.910000 65 86 62 16 348 76 151 2.329879 23 0 0 1999-04-05T22:32:56
94.990000 11.780000 47 171 48 -166 71 80 -42 1.791465 22 0 0 1999-04-07T06:42:31
90.140000 3.690000 22 117 82 -178 26 88 -8 9.600452 22 0 0 1999-05-25T16:00:25
94.450000 4.800000 15 264 79 -11 356 79 -169 1.812731 21 0 0 1999-06-22T07:11:35
104.710000 -5.890000 99 65 52 165 164 78 39 9.390023 26 0 0 1999-08-14T00:16:52
96.230000 18.390000 38 265 83 -2 356 88 -173 8.103389 21 0 0 1999-08-15T16:18:35
93.830000 8.350000 24 187 58 167 285 79 33 8.103389 21 0 0 1999-08-29T03:44:52
103.320000 -4.030000 42 48 75 2 318 88 165 4.083194 22 0 0 1999-09-18T12:52:35
91.930000 26.260000 33 244 68 12 149 79 158 8.103389 21 0 0 1999-10-05T17:04:44
100.320000 1.280000 217 92 44 168 190 82 46 3.217671 25 0 0 1999-11-11T18:05:43
88.980000 -1.340000 15 12 76 -11 105 80 -166 2.196174 30 0 0 1999-11-15T05:42:43
88.900000 -1.300000 15 7 76 10 275 80 166 4.083194 22 0 0 1999-11-28T10:17:18
89.040000 -1.270000 15 22 77 -2 112 88 -167 9.390023 26 0 0 1999-11-29T03:46:30
94.310000 7.140000 25 54 67 -5 146 85 -157 8.103389 21 0 0 1999-12-18T00:50:34
101.160000 25.590000 33 25 77 -2 116 88 -167 9.600452 22 0 0 2000-01-14T22:09:04
101.060000 25.610000 33 27 78 -6 118 84 -168 4.050031 24 0 0 2000-01-14T23:37:07
101.290000 19.830000 15 64 80 4 333 86 170 4.083194 22 0 0 2000-01-19T20:59:28
89.080000 -1.350000 15 17 79 -1 107 89 -169 9.600452 22 0 0 2000-01-28T22:42:26
102.030000 -6.730000 15 90 52 -162 349 76 -39 3.776809 21 0 0 2000-02-22T10:27:19
106.380000 -8.700000 22 235 56 2 144 88 146 8.103389 21 0 0 2000-03-10T16:22:47
96.010000 4.740000 15 44 63 -4 135 86 -153 9.600452 22 0 0 2000-03-10T21:32:12
102.090000 -4.720000 43 92 55 152 199 67 38 3.920051 36 0 0 2000-06-04T16:28:26
102.830000 -5.520000 46 76 50 1 345 89 140 1.791465 22 0 0 2000-06-09T04:21:02
102.150000 -5.030000 50 98 64 167 194 78 27 1.791465 22 0 0 2000-06-11T22:29:04
102.840000 -5.650000 24 342 69 162 78 73 22 8.103389 21 0 0 2000-06-20T00:09:55
102.180000 -4.910000 60 201 76 11 108 80 166 1.791465 22 0 0 2000-06-20T12:54:20
102.180000 -5.190000 61 90 60 -173 356 84 -30 1.791465 22 0 0 2000-07-16T16:11:37
96.210000 4.250000 15 296 71 165 31 75 19 8.103389 21 0 0 2000-07-19T07:11:09
102.890000 -5.560000 30 72 77 -177 342 87 -13 5.839491 23 0 0 2000-07-24T12:17:26
105.420000 -6.760000 43 149 82 -177 58 87 -8 1.791465 22 0 0 2000-07-31T18:59:42
93.270000 4.080000 34 192 86 4 102 86 176 1.791465 22 0 0 2000-08-01T10:18:59
94.750000 5.770000 65 96 69 -175 5 86 -21 5.839491 23 0 0 2000-08-17T18:40:09
94.920000 4.170000 23 147 69 158 245 69 22 1.812731 21 0 0 2000-09-04T17:25:59
102.060000 -4.430000 40 185 78 7 94 83 168 8.103389 21 0 0 2000-09-06T07:20:40
95.460000 6.420000 222 15 65 -168 280 79 -25 5.839491 23 0 0 2000-09-09T06:01:53
102.100000 -4.960000 33 99 73 176 190 86 17 9.557259 25 0 0 2000-09-22T18:22:03
97.810000 24.380000 72 144 77 166 237 77 14 4.083194 22 0 0 2000-10-06T12:05:40
102.450000 -5.280000 33 234 57 -14 332 78 -147 3.776809 21 0 0 2000-10-18T20:26:49
102.680000 -6.080000 15 342 65 -164 245 75 -26 1.512400 24 0 0 2000-11-05T04:45:34
92.910000 21.690000 74 216 83 -5 307 85 -173 9.600452 22 0 0 2000-11-13T08:56:49
105.250000 -6.530000 15 243 62 3 152 87 152 1.791465 22 0 0 2000-11-17T06:09:21
103.770000 -5.910000 76 28 60 -154 285 68 -32 1.791465 22 0 0 2001-01-25T06:49:17
89.080000 -4.260000 15 268 73 -163 173 73 -17 8.103389 21 0 0 2001-03-11T07:06:03
93.960000 8.730000 28 250 81 -2 341 88 -171 4.083194 22 0 0 2001-03-15T00:39:10
94.010000 8.660000 29 348 81 -178 258 88 -9 1.122018 25 0 0 2001-03-15T01:22:43
99.060000 24.770000 15 57 63 -28 161 65 -150 2.329879 23 0 0 2001-04-12T10:47:00
98.940000 0.880000 94 211 61 23 109 70 149 8.103389 21 0 0 2001-05-11T22:18:09
101.000000 27.690000 33 8 87 -2 98 88 -177 9.600452 22 0 0 2001-05-23T21:10:44
102.840000 -4.330000 50 232 57 -12 328 80 -147 3.776809 21 0 0 2001-05-27T21:17:50
97.380000 -1.370000 15 176 57 30 69 65 144 1.791465 22 0 0 2001-06-15T10:38:03
101.420000 24.880000 33 233 50 2 142 89 140 8.103389 21 0 0 2001-07-09T23:51:33
93.350000 12.220000 101 274 57 22 172 72 145 4.050031 24 0 0 2001-08-05T05:16:16
94.770000 6.320000 20 143 71 -179 52 89 -19 9.600452 22 0 0 2001-08-12T12:06:09
102.000000 -5.100000 65 108 75 175 200 85 15 3.776809 21 0 0 2001-08-26T18:59:07
82.500000 0.890000 15 280 64 170 14 81 26 3.217671 25 0 0 2001-09-02T02:25:54
100.650000 26.320000 15 35 69 1 305 89 159 2.329879 23 0 0 2001-10-27T05:35:39
102.850000 -6.010000 43 329 66 157 69 69 26 2.329879 23 0 0 2001-12-29T14:32:22
105.210000 -6.310000 19 164 83 -174 74 84 -7 3.217671 25 0 0 2002-01-15T07:12:58
102.190000 -4.810000 44 115 60 -180 25 90 -30 4.083194 22 0 0 2002-03-18T22:24:38
102.150000 -5.270000 45 90 64 179 181 89 26 1.791465 22 0 0 2002-03-30T22:31:42
103.870000 -6.930000 29 246 49 16 145 78 137 8.103389 21 0 0 2002-05-20T21:09:16
103.750000 -7.070000 47 143 67 166 239 77 24 1.812731 21 0 0 2002-07-14T12:22:48
104.020000 -7.000000 37 317 87 -179 227 89 -3 1.512400 24 0 0 2002-08-13T06:05:37
107.360000 -7.370000 90 343 49 -179 252 90 -41 3.776809 21 0 0 2002-10-21T12:15:22
103.630000 -7.060000 15 256 76 -15 350 76 -165 1.812731 21 0 0 2002-10-28T21:48:15
95.700000 13.250000 15 277 62 -14 14 78 -151 4.083194 22 0 0 2002-11-03T08:45:00
96.210000 2.890000 41 242 47 2 150 88 137 1.791465 22 0 0 2002-11-30T04:07:09
94.070000 8.840000 15 325 70 174 58 84 20 1.812731 21 0 0 2002-12-13T01:45:35
95.550000 12.920000 15 11 52 -180 281 90 -38 1.791465 22 0 0 2003-01-13T16:35:02
93.850000 7.770000 17 271 70 -7 3 84 -160 8.103389 21 0 0 2003-01-17T14:31:10
94.200000 7.840000 37 237 85 -5 327 85 -174 8.103389 21 0 0 2003-01-30T17:21:09
102.570000 -3.860000 97 284 67 157 23 69 25 8.103389 21 0 0 2003-03-03T16:31:58
89.330000 27.260000 55 40 70 -21 137 71 -159 9.600452 22 0 0 2003-03-25T18:51:26
92.560000 12.520000 26 245 51 -20 348 74 -140 1.512400 24 0 0 2003-03-26T04:22:30
94.970000 12.010000 15 83 73 -13 177 78 -162 3.776809 21 0 0 2003-07-12T01:55:46
94.980000 12.640000 19 180 81 -178 90 88 -9 1.791465 22 0 0 2003-07-12T02:42:45
95.630000 12.560000 15 247 72 -16 342 75 -162 1.812731 21 0 0 2003-07-13T23:38:51
100.820000 -0.540000 152 191 58 30 84 65 144 2.329879 23 0 0 2003-07-14T20:00:06
101.290000 25.980000 15 200 80 -6 291 84 -170 4.050031 24 0 0 2003-07-21T15:16:31
93.530000 12.120000 84 270 51 18 168 76 139 1.122018 25 0 0 2003-08-11T21:22:30
95.610000 29.570000 33 65 77 -6 156 84 -167 9.600452 22 0 0 2003-08-18T09:03:03
95.900000 5.320000 125 274 40 175 8 87 50 4.050031 24 0 0 2003-09-05T01:23:02
97.650000 4.620000 15 103 62 25 1 68 150 1.791465 22 0 0 2003-09-13T20:42:21
95.670000 19.920000 15 8 71 172 100 83 20 1.069055 28 0 0 2003-09-21T18:16:13
101.250000 25.950000 33 18 88 -1 108 89 -178 2.329879 23 0 0 2003-10-16T12:28:09
93.740000 7.240000 62 254 48 22 149 74 136 8.954507 20 0 0 2004-02-23T07:18:36
93.140000 12.960000 24 214 52 157 319 72 41 4.083194 22 0 0 2004-03-06T10:21:32
104.130000 -5.690000 30 259 70 -5 351 85 -160 4.083194 22 0 0 2004-04-02T20:17:46
104.080000 -6.020000 24 263 63 -10 358 82 -152 9.600452 22 0 0 2004-04-02T21:43:49
101.190000 -5.560000 24 98 59 -159 357 72 -33 8.954507 20 0 0 2004-04-05T19:07:03
103.110000 -4.740000 73 337 63 157 78 69 29 4.549881 20 0 0 2004-04-13T13:22:00
94.000000 8.860000 18 157 80 173 249 83 10 1.791465 22 0 0 2004-04-15T21:20:37
94.020000 8.900000 21 156 78 -174 64 84 -12 2.329879 23 0 0 2004-04-16T02:06:13
93.910000 9.040000 22 149 72 176 240 86 18 4.549881 20 0 0 2004-04-16T11:29:50
105.620000 -6.800000 57 187 60 -30 293 64 -147 2.376612 20 0 0 2004-05-06T10:15:55
93.570000 7.310000 73 223 76 14 130 76 165 8.954507 20 0 0 2004-05-18T02:58:15
95.100000 11.050000 22 4 55 -156 259 70 -38 1.812731 21 0 0 2004-06-26T23:45:49
94.810000 -8.780000 12 86 48 162 188 76 43 2.329879 23 0 0 2004-07-10T00:20:57
103.870000 27.270000 15 156 85 1 66 89 175 4.083194 22 0 0 2004-08-10T10:26:14
101.900000 -3.250000 91 200 53 -1 291 89 -143 8.954507 20 0 0 2004-09-16T19:56:37
95.510000 29.770000 31 126 79 -176 35 86 -11 1.812731 21 0 0 2004-09-27T17:05:38
106.200000 -7.440000 27 184 55 -177 92 87 -35 8.954507 20 0 0 2004-10-05T21:14:34
93.500000 9.540000 106 138 49 161 240 76 42 1.791465 22 0 0 2004-11-17T13:26:24
108.620000 -8.840000 61 314 62 -178 224 88 -28 1.812731 21 0 0 2004-12-12T15:05:30
92.840000 13.530000 14 29 56 158 132 72 36 9.557259 25 0 0 2004-12-26T11:05:00
92.910000 13.590000 13 137 56 15 38 78 145 5.839491 23 0 0 2004-12-26T14:48:44
92.950000 13.710000 20 144 69 174 236 84 21 9.600452 22 0 0 2004-12-26T18:42:43
93.460000 6.250000 26 284 64 -161 185 73 -27 8.103389 21 0 0 2004-12-27T04:22:36
93.210000 6.000000 14 112 47 -171 16 84 -44 8.103389 21 0 0 2004-12-27T05:10:53
92.100000 8.020000 17 118 61 -173 24 84 -30 8.103389 21 0 0 2004-12-27T05:50:12
93.820000 9.300000 25 151 65 174 243 84 26 1.812731 21 0 0 2004-12-27T18:24:05
92.360000 8.970000 18 111 61 169 206 80 30 1.812731 21 0 0 2004-12-27T19:18:26
91.790000 7.060000 13 10 74 -11 103 79 -164 5.839491 23 0 0 2004-12-27T20:23:44
92.160000 6.390000 12 20 76 176 111 86 14 8.103389 21 0 0 2004-12-27T22:03:01
94.140000 7.660000 22 143 82 -174 52 84 -8 9.600452 22 0 0 2004-12-28T00:37:51
96.160000 5.110000 18 146 62 -167 50 79 -29 3.776809 21 0 0 2004-12-28T13:46:02
95.260000 4.690000 46 184 74 8 92 82 163 1.812731 21 0 0 2004-12-28T14:30:42
93.800000 9.940000 13 331 87 179 62 89 3 4.083194 22 0 0 2004-12-28T17:11:16
92.260000 8.300000 15 146 66 162 243 74 25 8.954507 20 0 0 2004-12-28T17:46:20
93.160000 10.060000 19 275 68 -157 176 69 -23 1.812731 21 0 0 2004-12-28T20:41:55
94.610000 3.710000 12 327 66 168 62 79 25 3.776809 21 0 0 2004-12-28T21:09:05
92.850000 13.850000 15 53 62 -179 323 89 -28 3.776809 21 0 0 2004-12-28T22:16:54
93.130000 13.740000 14 21 66 168 116 79 25 8.103389 21 0 0 2004-12-29T11:58:42
92.070000 7.860000 12 109 57 -179 18 89 -33 8.103389 21 0 0 2004-12-29T23:14:06
93.890000 9.440000 20 143 82 -177 53 87 -8 1.791465 22 0 0 2004-12-31T22:09:27
92.300000 5.100000 12 111 68 -173 18 84 -22 3.817611 28 0 0 2005-01-01T06:25:44
94.460000 7.340000 19 63 77 -13 156 78 -167 3.217671 25 0 0 2005-01-01T19:08:07
92.630000 9.030000 18 111 67 171 204 82 23 8.103389 21 0 0 2005-01-01T22:40:51
96.680000 4.600000 12 117 62 -166 21 78 -29 3.776809 21 0 0 2005-01-03T17:45:16
94.440000 4.010000 25 88 61 -170 353 81 -29 1.812731 21 0 0 2005-01-04T12:34:01
91.910000 6.940000 17 15 78 -4 106 86 -168 4.083194 22 0 0 2005-01-06T00:29:08
91.960000 6.970000 12 108 81 -178 18 88 -9 1.791465 22 0 0 2005-01-06T04:52:42
93.610000 10.800000 124 141 55 163 241 76 37 1.791465 22 0 0 2005-01-06T07:54:25
93.120000 14.100000 15 44 61 174 137 85 29 1.812731 21 0 0 2005-01-06T10:38:44
92.880000 3.540000 12 105 52 -168 8 81 -38 8.103389 21 0 0 2005-01-08T14:59:36
93.760000 9.640000 12 23 77 -11 115 79 -167 8.954507 20 0 0 2005-01-10T01:04:16
92.260000 11.870000 19 345 74 172 77 83 16 8.954507 20 0 0 2005-01-11T22:55:49
92.210000 11.850000 23 149 77 174 240 84 13 4.549881 20 0 0 2005-01-13T05:30:22
95.980000 2.710000 34 4 67 159 102 71 25 8.954507 20 0 0 2005-01-15T16:44:03
93.990000 8.110000 26 173 82 -173 82 83 -8 8.954507 20 0 0 2005-01-18T22:04:39
92.700000 3.550000 12 113 53 -160 11 74 -39 1.812731 21 0 0 2005-01-19T16:09:17
94.860000 4.910000 40 92 59 154 197 68 34 8.954507 20 0 0 2005-01-22T12:58:32
92.860000 13.560000 26 270 59 -8 4 83 -149 4.549881 20 0 0 2005-01-23T08:22:15
93.010000 13.640000 14 139 49 -8 235 84 -138 3.776809 21 0 0 2005-01-23T16:55:49
94.340000 2.710000 16 90 63 5 358 86 153 8.103389 21 0 0 2005-01-23T20:36:08
96.130000 4.700000 20 142 78 -170 50 80 -12 1.791465 22 0 0 2005-01-24T00:39:20
92.480000 7.330000 15 112 83 -176 21 86 -8 2.941880 26 0 0 2005-01-24T04:16:47
96.280000 3.240000 60 246 47 20 142 75 135 4.549881 20 0 0 2005-01-26T16:50:09
94.040000 8.250000 12 165 71 -161 69 72 -20 2.329879 23 0 0 2005-01-26T17:30:28
94.060000 8.020000 21 157 70 -180 67 90 -20 9.600452 22 0 0 2005-01-26T22:46:59
93.990000 7.940000 19 154 64 -176 62 87 -26 4.083194 22 0 0 2005-01-27T03:58:44
94.250000 7.870000 12 144 49 -179 53 89 -41 3.776809 21 0 0 2005-01-27T04:02:47
94.000000 7.830000 19 155 65 -174 62 85 -25 4.083194 22 0 0 2005-01-27T05:22:18
92.840000 13.280000 13 141 59 -4 233 87 -149 1.812731 21 0 0 2005-01-27T05:35:23
94.090000 7.960000 14 150 48 -177 58 88 -42 1.791465 22 0 0 2005-01-27T05:48:12
94.060000 7.940000 18 166 78 -171 74 81 -12 2.329879 23 0 0 2005-01-27T06:56:59
93.950000 7.830000 21 153 62 178 244 88 28 1.791465 22 0 0 2005-01-27T07:26:00
94.140000 7.900000 17 260 76 1 170 89 166 8.103389 21 0 0 2005-01-27T07:35:45
94.160000 7.910000 22 142 58 -175 50 86 -32 8.954507 20 0 0 2005-01-27T07:41:21
94.140000 7.970000 14 170 55 -164 71 77 -37 8.103389 21 0 0 2005-01-27T08:07:24
94.030000 7.910000 12 168 83 -178 78 88 -7 9.600452 22 0 0 2005-01-27T08:19:07
94.110000 7.950000 14 138 75 178 229 88 15 1.791465 22 0 0 2005-01-27T08:31:12
94.270000 7.950000 14 145 51 -176 53 87 -39 9.600452 22 0 0 2005-01-27T08:42:16
94.090000 7.930000 17 172 61 -174 79 85 -29 8.103389 21 0 0 2005-01-27T09:25:27
94.010000 7.850000 20 144 65 177 235 87 25 1.791465 22 0 0 2005-01-27T09:52:20
93.820000 8.060000 25 169 66 -173 76 84 -25 1.791465 22 0 0 2005-01-27T09:59:31
94.130000 7.960000 19 163 54 -162 62 76 -37 1.791465 22 0 0 2005-01-27T10:08:12
93.860000 7.530000 12 141 42 -169 43 83 -49 3.776809 21 0 0 2005-01-27T10:25:47
94.170000 7.940000 13 174 90 180 264 90 0 1.791465 22 0 0 2005-01-27T10:58:07
94.180000 7.980000 12 246 58 -29 353 65 -145 1.791465 22 0 0 2005-01-27T11:44:05
94.000000 8.020000 12 76 86 0 346 90 176 9.600452 22 0 0 2005-01-27T11:47:38
94.350000 7.910000 12 184 86 178 274 88 4 4.083194 22 0 0 2005-01-27T12:11:55
94.100000 7.990000 17 152 61 -177 60 87 -29 1.791465 22 0 0 2005-01-27T13:15:19
94.220000 7.830000 23 148 62 -173 55 84 -28 1.791465 22 0 0 2005-01-27T13:18:01
94.120000 7.790000 18 150 69 178 241 88 21 8.103389 21 0 0 2005-01-27T13:25:18
94.120000 7.870000 22 154 67 177 245 87 23 1.791465 22 0 0 2005-01-27T13:26:33
94.270000 7.940000 19 166 79 -177 76 87 -11 4.083194 22 0 0 2005-01-27T13:54:16
94.150000 7.990000 16 155 67 -170 62 81 -23 9.600452 22 0 0 2005-01-27T13:57:06
94.120000 7.980000 22 160 62 -175 67 85 -28 3.776809 21 0 0 2005-01-27T14:35:07
94.240000 7.690000 24 268 51 -6 2 85 -140 8.103389 21 0 0 2005-01-27T15:24:49
94.210000 7.960000 12 263 61 -15 1 77 -150 1.791465 22 0 0 2005-01-27T15:27:53
94.120000 7.710000 23 163 52 -154 56 70 -41 1.791465 22 0 0 2005-01-27T15:34:30
94.200000 8.080000 32 162 66 160 261 72 25 1.812731 21 0 0 2005-01-27T16:00:56
93.900000 7.990000 31 171 78 -175 80 85 -12 3.776809 21 0 0 2005-01-27T16:02:23
94.160000 7.990000 12 81 82 -2 171 88 -172 1.812731 21 0 0 2005-01-27T16:48:25
94.090000 7.880000 19 149 78 -174 58 84 -12 1.512400 24 0 0 2005-01-27T16:58:51
94.210000 7.600000 19 156 62 178 247 88 28 4.083194 22 0 0 2005-01-27T17:24:59
94.110000 7.860000 15 146 65 -173 53 84 -25 2.329879 23 0 0 2005-01-27T18:52:38
94.060000 7.970000 22 159 58 -165 62 78 -33 3.776809 21 0 0 2005-01-27T20:17:38
94.160000 8.180000 16 184 81 -172 93 82 -9 1.791465 22 0 0 2005-01-27T20:51:10
93.470000 9.700000 12 57 82 -1 147 89 -172 1.791465 22 0 0 2005-01-27T21:00:44
94.180000 7.800000 15 125 49 -176 32 87 -41 3.776809 21 0 0 2005-01-27T21:05:02
94.030000 8.120000 17 154 57 -163 54 76 -34 8.103389 21 0 0 2005-01-27T21:32:20
94.120000 8.090000 12 155 53 -163 54 77 -39 4.083194 22 0 0 2005-01-27T23:20:07
94.110000 7.790000 22 142 60 160 243 73 32 3.776809 21 0 0 2005-01-27T23:27:01
94.100000 7.890000 17 154 62 -175 62 85 -28 1.791465 22 0 0 2005-01-28T00:15:44
94.020000 7.720000 15 144 48 -163 43 78 -43 1.791465 22 0 0 2005-01-28T02:23:14
94.180000 7.910000 17 164 54 174 258 85 37 8.103389 21 0 0 2005-01-28T04:34:53
93.560000 7.810000 12 144 60 -170 49 82 -30 4.083194 22 0 0 2005-01-28T05:04:31
94.020000 7.820000 17 149 50 -168 51 81 -41 3.776809 21 0 0 2005-01-28T05:38:25
93.900000 7.900000 16 31 64 -29 134 65 -151 1.791465 22 0 0 2005-01-28T06:06:55
93.990000 7.900000 12 143 60 -171 49 82 -30 9.600452 22 0 0 2005-01-28T06:10:27
94.030000 7.910000 17 152 66 -168 57 79 -24 5.839491 23 0 0 2005-01-28T06:13:27
94.130000 7.970000 16 143 60 -168 47 80 -30 2.329879 23 0 0 2005-01-28T07:49:17
94.000000 7.860000 13 143 55 -177 51 88 -35 1.791465 22 0 0 2005-01-28T08:47:17
94.050000 8.060000 22 160 63 -177 69 88 -27 8.103389 21 0 0 2005-01-28T09:14:46
94.060000 7.900000 17 145 67 -170 51 81 -24 1.791465 22 0 0 2005-01-28T11:53:02
94.110000 7.990000 12 143 61 -167 47 79 -29 4.083194 22 0 0 2005-01-28T19:18:51
93.960000 7.740000 20 155 68 177 246 87 22 4.083194 22 0 0 2005-01-28T22:29:03
94.100000 7.800000 21 159 81 -176 68 86 -9 4.083194 22 0 0 2005-01-29T01:50:22
94.160000 7.930000 12 142 64 -175 50 85 -26 1.791465 22 0 0 2005-01-29T05:26:48
94.240000 7.840000 15 148 52 -174 54 85 -38 1.812731 21 0 0 2005-01-29T09:27:40
94.480000 8.360000 25 151 61 -175 59 86 -29 1.812731 21 0 0 2005-01-29T16:12:49
94.280000 7.810000 15 134 62 -171 40 82 -28 1.791465 22 0 0 2005-01-29T19:06:15
94.390000 7.910000 19 154 75 -174 63 84 -15 2.329879 23 0 0 2005-01-29T20:28:23
94.110000 8.020000 12 146 67 -167 51 78 -23 4.083194 22 0 0 2005-01-29T22:03:37
94.330000 8.290000 19 176 79 -170 84 80 -11 1.791465 22 0 0 2005-01-30T00:07:34
94.270000 8.170000 12 1 62 -151 256 65 -31 8.103389 21 0 0 2005-01-30T02:35:16
94.130000 7.680000 19 168 84 176 259 86 6 3.776809 21 0 0 2005-01-30T03:13:27
93.150000 13.780000 14 46 71 173 138 84 19 3.776809 21 0 0 2005-01-30T06:26:15
92.930000 13.150000 23 103 69 14 8 77 158 3.776809 21 0 0 2005-01-30T07:02:26
94.230000 8.080000 12 261 67 -23 1 69 -155 1.812731 21 0 0 2005-01-30T10:32:54
94.280000 8.220000 15 96 70 0 6 90 160 1.791465 22 0 0 2005-01-30T21:39:03
96.760000 4.050000 16 124 64 -172 30 83 -26 3.776809 21 0 0 2005-01-31T06:45:44
94.260000 7.980000 12 357 70 -166 262 77 -21 3.776809 21 0 0 2005-01-31T08:15:05
94.260000 8.170000 12 271 88 -2 1 88 -178 3.776809 21 0 0 2005-01-31T13:14:33
94.070000 7.930000 12 145 60 -168 49 80 -31 1.791465 22 0 0 2005-02-01T01:08:02
94.310000 8.320000 12 89 86 0 179 90 -176 3.776809 21 0 0 2005-02-02T13:22:37
90.380000 6.430000 14 11 79 -1 101 90 -169 8.103389 21 0 0 2005-02-02T14:58:08
93.250000 5.620000 35 17 67 7 285 84 157 2.329879 23 0 0 2005-02-03T04:51:17
94.320000 7.880000 13 157 75 -171 65 81 -16 4.083194 22 0 0 2005-02-04T09:44:53
94.180000 8.110000 15 2 85 176 92 86 5 4.050031 24 0 0 2005-02-05T17:35:46
93.030000 5.510000 35 13 82 -5 104 85 -172 1.812731 21 0 0 2005-02-12T18:43:02
93.630000 14.850000 12 29 59 166 126 78 32 8.954507 20 0 0 2005-02-14T13:21:56
92.190000 1.820000 12 106 66 -174 14 84 -24 9.600452 22 0 0 2005-02-15T02:33:02
92.520000 24.550000 27 145 52 -174 52 86 -38 1.812731 21 0 0 2005-02-15T11:15:11
94.540000 24.430000 60 276 61 28 171 65 147 8.103389 21 0 0 2005-02-15T13:05:49
93.970000 8.110000 13 351 85 176 82 86 5 4.050031 24 0 0 2005-02-16T08:19:39
95.290000 2.330000 12 232 83 -2 322 88 -173 8.954507 20 0 0 2005-02-19T14:23:51
94.100000 7.830000 15 153 61 -169 58 80 -30 2.329879 23 0 0 2005-02-25T13:31:14
95.070000 2.290000 16 330 59 161 70 74 33 4.549881 20 0 0 2005-03-11T08:00:50
94.280000 7.410000 12 141 59 -172 47 83 -31 3.776809 21 0 0 2005-03-11T12:59:53
91.630000 9.730000 12 51 61 168 147 79 29 1.791465 22 0 0 2005-03-12T22:43:32
95.290000 26.080000 79 132 42 177 225 88 48 1.812731 21 0 0 2005-03-23T05:59:07
94.840000 25.480000 83 151 65 176 243 86 25 8.103389 21 0 0 2005-03-25T13:34:40
87.930000 28.260000 69 109 62 179 200 89 28 4.549881 20 0 0 2005-03-26T20:32:13
99.210000 1.780000 19 148 82 -178 58 88 -8 9.600452 22 0 0 2005-03-29T06:16:15
98.140000 0.200000 18 318 81 173 49 83 10 1.791465 22 0 0 2005-03-30T12:57:42
97.160000 1.110000 16 256 63 7 163 84 153 1.812731 21 0 0 2005-04-01T00:49:42
98.110000 0.320000 17 44 82 -4 134 86 -172 2.329879 23 0 0 2005-04-01T20:32:37
97.460000 0.810000 12 335 78 -171 243 81 -12 1.812731 21 0 0 2005-04-02T03:37:24
93.100000 2.430000 14 95 74 -171 3 81 -16 1.791465 22 0 0 2005-04-02T22:17:28
95.890000 2.800000 39 252 58 8 158 83 147 1.812731 21 0 0 2005-04-03T11:16:46
97.010000 1.890000 43 344 81 -171 253 81 -10 8.103389 21 0 0 2005-04-05T09:37:22
96.300000 2.410000 41 348 55 174 82 85 35 8.954507 20 0 0 2005-04-05T13:01:55
97.420000 0.610000 12 134 62 149 239 63 31 2.329879 23 0 0 2005-04-07T11:46:05
97.380000 0.680000 12 326 82 -179 236 89 -8 5.839491 23 0 0 2005-04-08T01:51:38
97.730000 -0.220000 12 336 56 165 75 78 35 3.217671 25 0 0 2005-04-08T05:48:37
96.850000 2.100000 50 250 55 16 151 77 144 1.812731 21 0 0 2005-04-11T09:53:36
99.940000 -1.770000 12 312 55 151 60 66 38 1.812731 21 0 0 2005-04-16T08:43:07
99.910000 -1.820000 24 321 71 166 55 76 19 4.549881 20 0 0 2005-04-24T09:19:38
97.040000 0.320000 15 112 67 -164 16 76 -24 8.103389 21 0 0 2005-05-04T00:42:03
96.380000 3.050000 50 339 74 -164 245 75 -16 3.776809 21 0 0 2005-05-04T00:44:50
91.690000 9.290000 12 41 59 154 146 68 34 1.791465 22 0 0 2005-05-04T02:32:41
94.870000 4.710000 42 89 60 -174 355 84 -30 1.791465 22 0 0 2005-05-04T05:58:53
93.270000 5.590000 36 15 67 6 283 85 157 3.217671 25 0 0 2005-05-18T11:37:29
97.300000 1.080000 31 257 50 19 155 76 138 4.549881 20 0 0 2005-05-24T11:38:32
93.210000 5.690000 14 107 50 -175 14 86 -40 5.839491 23 0 0 2005-05-26T10:08:26
103.170000 -4.730000 71 264 55 21 161 73 143 1.812731 21 0 0 2005-05-29T04:55:17
94.750000 3.190000 18 330 67 168 65 79 23 8.954507 20 0 0 2005-06-03T13:26:18
96.600000 2.120000 40 249 70 -9 342 82 -159 1.812731 21 0 0 2005-06-11T17:36:55
97.640000 0.080000 12 7 53 177 98 88 37 4.549881 20 0 0 2005-06-12T10:05:15
92.130000 7.700000 16 108 81 176 199 86 9 4.549881 20 0 0 2005-06-16T16:06:36
93.180000 3.670000 16 103 49 -175 9 86 -42 8.954507 20 0 0 2005-06-18T08:46:30
97.240000 1.260000 35 87 69 19 350 72 157 2.376612 20 0 0 2005-06-18T12:36:06
106.240000 -6.870000 68 327 54 152 74 68 39 1.812731 21 0 0 2005-06-24T12:35:35
91.960000 7.740000 12 112 56 -177 20 88 -34 8.954507 20 0 0 2005-06-30T16:02:33
97.270000 1.170000 12 337 57 171 72 82 33 2.376612 20 0 0 2005-07-08T21:28:23
103.290000 -6.220000 16 265 80 0 175 90 170 8.954507 20 0 0 2005-07-09T01:51:18
105.870000 -6.700000 94 208 63 -23 309 70 -151 4.549881 20 0 0 2005-07-16T15:48:25
96.270000 4.340000 18 348 72 -175 257 85 -18 8.103389 21 0 0 2005-07-21T01:42:43
93.140000 5.170000 17 109 64 -174 16 84 -27 8.954507 20 0 0 2005-07-23T05:03:51
92.190000 7.920000 12 29 68 -2 120 89 -158 1.815690 32 0 0 2005-07-24T15:42:06
92.010000 7.790000 12 201 68 3 110 87 158 1.812731 21 0 0 2005-07-25T02:17:15
93.000000 8.020000 12 129 65 -174 36 85 -25 8.103389 21 0 0 2005-07-25T12:43:46
97.020000 1.900000 41 339 51 153 87 69 42 1.812731 21 0 0 2005-07-26T01:38:55
95.620000 2.730000 43 345 69 -178 255 89 -21 4.549881 20 0 0 2005-07-28T02:43:59
92.330000 8.380000 27 209 79 6 118 84 169 1.791465 22 0 0 2005-07-29T12:27:01
103.040000 26.570000 27 252 73 -178 161 88 -17 1.791465 22 0 0 2005-08-05T14:14:48
94.130000 7.740000 24 147 74 175 239 85 16 4.083194 22 0 0 2005-08-09T11:22:59
97.600000 0.030000 12 345 59 162 85 75 32 2.329879 23 0 0 2005-09-06T11:00:48
97.610000 0.050000 12 357 50 158 102 73 42 8.103389 21 0 0 2005-09-06T11:11:53
97.560000 -0.010000 15 86 49 6 353 86 138 4.549881 20 0 0 2005-09-06T17:40:10
97.700000 0.080000 12 98 72 10 5 81 162 3.776809 21 0 0 2005-09-07T00:43:16
97.870000 0.070000 49 247 70 2 156 89 160 3.776809 21 0 0 2005-09-25T15:37:08
95.580000 5.230000 23 135 74 -174 44 84 -16 5.839491 23 0 0 2005-10-05T08:46:42
92.060000 7.900000 28 124 46 -170 27 83 -44 1.791465 22 0 0 2005-10-05T12:19:09
105.460000 -6.880000 28 255 79 6 164 84 169 9.600452 22 0 0 2005-10-10T10:55:48
103.060000 -5.830000 38 319 81 -179 229 89 -9 3.776809 21 0 0 2005-10-19T14:49:40
98.190000 0.790000 22 106 54 177 198 88 36 8.954507 20 0 0 2005-10-25T21:25:46
94.300000 4.030000 12 100 56 8 6 83 146 1.812731 21 0 0 2005-10-26T00:39:33
81.860000 29.730000 47 8 52 176 100 87 39 2.376612 20 0 0 2005-10-31T05:51:16
108.390000 9.960000 12 117 69 -168 23 79 -22 1.791465 22 0 0 2005-11-07T17:15:50
108.290000 9.970000 12 120 68 -171 27 82 -22 1.791465 22 0 0 2005-11-08T07:54:39
97.460000 0.790000 39 261 72 -6 353 85 -162 8.954507 20 0 0 2005-12-04T14:09:23
95.270000 3.400000 24 183 80 9 92 81 170 3.776809 21 0 0 2005-12-05T04:46:48
88.130000 -2.010000 12 121 62 171 215 82 29 3.776809 21 0 0 2005-12-21T22:35:18
96.200000 25.010000 18 104 72 -1 195 89 -162 3.776809 21 0 0 2005-12-29T07:20:55
97.110000 1.330000 34 263 57 15 164 77 146 8.954507 20 0 0 2006-01-13T22:47:26
95.930000 2.610000 42 256 48 20 153 76 136 8.954507 20 0 0 2006-01-28T17:31:40
91.710000 26.910000 12 321 73 -173 229 84 -18 9.600452 22 0 0 2006-02-23T20:04:53
94.530000 24.270000 69 251 70 5 159 85 160 8.954507 20 0 0 2006-03-02T17:16:60
93.850000 23.180000 46 142 76 -176 51 86 -14 3.776809 21 0 0 2006-03-25T20:13:30
97.220000 3.460000 30 146 44 -170 49 83 -47 8.954507 20 0 0 2006-03-28T08:35:43
93.240000 2.650000 17 110 66 -176 19 86 -24 9.557259 25 0 0 2006-04-19T20:36:48
96.500000 2.150000 34 353 48 159 98 75 44 1.812731 21 0 0 2006-04-22T23:42:22
95.990000 4.550000 82 168 67 9 74 82 156 1.791465 22 0 0 2006-04-26T16:38:53
97.100000 3.170000 23 46 72 0 316 90 162 8.103389 21 0 0 2006-05-08T01:43:41
97.050000 0.090000 13 92 60 -171 358 82 -31 1.416881 29 0 0 2006-05-16T15:28:25
99.580000 1.740000 176 218 54 -1 309 89 -144 1.812731 21 0 0 2006-05-22T19:16:31
91.800000 10.440000 12 57 67 168 151 79 23 8.954507 20 0 0 2006-05-25T06:50:02
91.930000 20.630000 21 63 85 -2 153 88 -175 1.812731 21 0 0 2006-05-30T19:43:45
93.600000 8.810000 19 126 71 -160 29 71 -20 3.776809 21 0 0 2006-06-27T15:02:16
107.240000 -9.540000 12 63 80 177 154 88 10 2.329879 23 0 0 2006-07-19T07:25:06
104.140000 28.000000 14 347 59 27 242 67 146 1.812731 21 0 0 2006-07-22T01:10:29
101.600000 -4.880000 33 74 45 165 175 79 46 3.776809 21 0 0 2006-07-28T07:17:03
96.190000 4.840000 21 138 80 -179 47 89 -10 1.812731 21 0 0 2006-08-01T17:26:43
95.580000 19.260000 20 4 87 -178 274 88 -3 4.549881 20 0 0 2006-08-02T10:41:58
92.710000 24.660000 32 255 61 20 156 73 149 1.812731 21 0 0 2006-08-12T20:46:11
98.010000 -9.490000 42 94 72 -170 1 81 -19 3.776809 21 0 0 2006-09-25T10:33:08
93.350000 22.100000 34 216 70 2 126 88 160 1.812731 21 0 0 2006-11-03T14:43:10
96.230000 4.860000 22 141 80 -173 50 83 -10 1.791465 22 0 0 2006-12-06T12:06:39
99.860000 0.630000 18 162 86 180 252 90 4 1.512400 24 0 0 2006-12-17T21:39:17
105.640000 -6.780000 43 192 56 31 83 65 141 4.083194 22 0 0 2006-12-23T22:59:40
98.200000 22.020000 20 92 71 -1 182 89 -161 4.549881 20 0 0 2007-01-07T10:47:06
95.290000 19.190000 97 174 48 18 72 77 136 1.812731 21 0 0 2007-01-09T05:27:22
89.690000 1.980000 23 111 74 178 201 88 16 1.812731 21 0 0 2007-01-17T07:58:41
109.670000 -9.990000 38 50 69 175 142 86 21 1.512400 24 0 0 2007-01-19T02:44:23
93.600000 8.360000 77 136 60 167 233 78 31 9.600452 22 0 0 2007-01-29T19:48:34
94.400000 6.180000 63 193 58 21 91 72 146 4.083194 22 0 0 2007-02-11T10:47:35
93.060000 10.290000 89 141 50 161 243 75 41 3.776809 21 0 0 2007-03-01T05:08:20
100.500000 -0.490000 20 150 84 -177 60 87 -6 3.109627 27 0 0 2007-03-06T03:49:38
100.550000 -0.480000 21 149 80 179 239 89 10 2.941880 26 0 0 2007-03-06T05:49:26
100.910000 -0.400000 29 148 79 175 239 85 11 1.812731 21 0 0 2007-03-06T12:53:06
86.780000 -3.390000 33 32 61 17 293 75 150 4.050031 24 0 0 2007-03-22T06:10:43
91.520000 9.200000 12 16 68 177 108 87 22 3.776809 21 0 0 2007-04-01T07:08:59
89.420000 -1.320000 21 100 68 177 191 87 22 3.776809 21 0 0 2007-04-09T20:48:41
96.150000 15.530000 12 6 72 -167 272 78 -19 8.954507 20 0 0 2007-04-26T05:23:49
99.270000 1.760000 18 229 70 -11 323 80 -159 1.812731 21 0 0 2007-04-28T19:14:29
94.480000 23.160000 97 229 69 13 134 77 159 1.812731 21 0 0 2007-05-07T05:58:33
100.750000 20.500000 12 324 81 179 54 89 9 2.941880 26 0 0 2007-05-16T08:56:16
88.240000 27.330000 13 204 58 -4 296 86 -148 8.954507 20 0 0 2007-05-20T14:18:21
95.550000 2.630000 12 358 61 167 95 78 30 1.791465 22 0 0 2007-05-23T20:19:14
93.860000 8.310000 12 124 63 178 215 88 27 9.600452 22 0 0 2007-05-31T23:18:05
101.050000 23.030000 12 146 63 156 247 69 29 3.217671 25 0 0 2007-06-02T21:34:57
101.160000 23.030000 24 238 79 10 147 80 169 8.954507 20 0 0 2007-06-03T02:49:03
99.780000 21.470000 16 61 81 8 330 82 171 2.329879 23 0 0 2007-06-23T08:17:19
99.910000 21.550000 17 334 60 -167 237 79 -31 4.083194 22 0 0 2007-06-23T08:27:48
103.860000 -5.850000 24 340 69 -176 249 86 -21 8.103389 21 0 0 2007-06-28T22:37:00
96.580000 25.430000 14 105 82 -4 196 86 -172 1.791465 22 0 0 2007-06-29T23:24:00
91.000000 6.690000 20 20 77 -7 111 84 -167 3.776809 21 0 0 2007-08-06T14:38:12
93.990000 14.290000 41 220 59 -170 124 81 -32 1.791465 22 0 0 2007-08-25T17:03:07
102.350000 -3.000000 19 340 53 -154 234 70 -39 4.083194 22 0 0 2007-09-14T13:07:48
100.070000 -1.570000 44 105 64 -176 13 87 -27 4.083194 22 0 0 2007-09-24T09:51:07
92.900000 2.540000 12 110 63 -170 15 81 -27 2.941880 26 0 0 2007-10-04T12:40:31
91.800000 9.700000 12 17 71 173 109 84 19 8.103389 21 0 0 2007-10-10T12:25:36
92.390000 22.150000 25 251 81 -7 343 83 -171 9.600452 22 0 0 2007-11-07T07:10:22
104.560000 -6.510000 33 344 71 172 77 82 19 8.103389 21 0 0 2007-11-09T06:54:07
99.470000 -0.550000 63 346 47 174 80 86 43 9.600452 22 0 0 2007-11-10T23:42:42
108.300000 9.990000 12 115 72 -172 22 82 -19 8.103389 21 0 0 2007-11-28T15:16:08
100.840000 -4.520000 20 335 66 -179 245 89 -24 1.812731 21 0 0 2007-12-12T03:43:57
95.660000 5.420000 25 129 47 167 227 81 43 4.083194 22 0 0 2007-12-28T05:24:14
102.020000 -5.160000 31 99 74 -168 5 78 -16 1.812731 21 0 0 2008-02-11T12:18:34
92.390000 3.800000 23 115 60 179 205 89 30 1.791465 22 0 0 2008-03-03T21:14:00
97.500000 24.550000 18 348 82 179 79 89 8 8.103389 21 0 0 2008-03-21T12:36:59
98.240000 0.110000 25 322 59 169 57 81 32 8.103389 21 0 0 2008-03-30T22:12:51
99.150000 1.640000 16 331 82 173 62 83 8 1.122018 25 0 0 2008-05-19T14:26:45
99.180000 1.720000 20 233 74 -9 326 82 -164 1.791465 22 0 0 2008-05-19T14:49:17
101.140000 -1.830000 13 118 66 -10 212 81 -155 1.791465 22 0 0 2008-07-09T22:17:41
99.790000 -1.070000 70 84 55 -175 351 86 -35 1.791465 22 0 0 2008-07-28T07:10:04
91.810000 11.040000 15 48 76 -7 140 83 -166 9.557259 25 0 0 2008-08-10T08:20:31
97.680000 25.040000 18 7 80 178 97 88 10 1.122018 25 0 0 2008-08-21T12:24:29
101.940000 26.270000 24 100 86 180 190 90 4 1.122018 25 0 0 2008-08-30T08:30:54
101.970000 26.230000 24 11 77 -7 102 84 -167 2.329879 23 0 0 2008-08-31T08:31:10
98.090000 0.490000 24 332 79 -177 241 87 -11 3.776809 21 0 0 2008-09-02T09:00:03
97.780000 24.870000 18 276 84 0 186 90 174 1.812731 21 0 0 2008-09-03T06:27:25
90.310000 29.740000 14 69 62 -25 171 68 -150 9.600452 22 0 0 2008-10-08T14:07:16
100.140000 -0.250000 127 192 62 12 97 79 152 3.776809 21 0 0 2008-11-10T08:58:50
94.080000 8.740000 22 161 55 -160 60 74 -37 8.103389 21 0 0 2008-12-05T23:24:37
93.980000 8.720000 24 156 59 -167 60 79 -31 1.791465 22 0 0 2008-12-06T00:43:08
93.400000 4.570000 13 82 69 -163 346 75 -22 1.812731 21 0 0 2008-12-07T23:49:57
82.050000 29.950000 19 230 62 -17 328 75 -151 1.791465 22 0 0 2008-12-08T08:59:11
94.760000 6.880000 144 4 51 14 265 80 140 3.776809 21 0 0 2008-12-17T13:47:59
95.900000 22.750000 14 359 79 172 90 82 11 1.791465 22 0 0 2008-12-20T23:22:48
97.570000 23.970000 17 353 76 174 84 84 14 8.954507 20 0 0 2008-12-25T20:20:51
96.040000 15.650000 19 12 83 176 103 86 7 1.812731 21 0 0 2009-01-21T01:42:24
100.040000 0.070000 135 104 69 166 199 77 22 1.812731 21 0 0 2009-01-26T05:23:24
106.150000 -6.960000 69 342 58 164 81 76 34 1.812731 21 0 0 2009-03-27T20:53:26
101.910000 -5.960000 28 97 73 -175 6 85 -17 2.329879 23 0 0 2009-04-01T06:29:40
97.650000 3.360000 20 123 62 -175 31 86 -28 1.791465 22 0 0 2009-05-08T13:19:01
100.330000 -1.050000 12 127 65 2 36 88 155 3.776809 21 0 0 2009-07-02T08:51:57
101.100000 25.630000 15 204 84 -3 294 87 -174 1.512400 24 0 0 2009-07-09T11:19:16
101.030000 25.670000 14 21 83 4 291 86 173 8.103389 21 0 0 2009-07-10T09:02:03
101.040000 25.660000 15 231 43 17 129 79 132 1.812731 21 0 0 2009-07-12T16:01:20
95.500000 -8.960000 40 90 76 -175 359 85 -14 4.083194 22 0 0 2009-07-19T11:39:48
92.820000 14.050000 33 256 81 -8 348 82 -171 4.050031 24 0 0 2009-08-13T09:21:35
96.620000 4.600000 12 120 73 -168 27 78 -18 1.812731 21 0 0 2009-08-15T04:04:32
99.970000 0.530000 21 355 86 -177 264 87 -4 3.776809 21 0 0 2009-09-19T10:50:44
101.500000 -2.520000 15 323 70 -178 232 88 -20 1.069055 28 0 0 2009-10-01T01:52:27
100.820000 25.960000 13 286 84 180 16 90 6 8.954507 20 0 0 2009-11-01T21:07:20
91.900000 8.080000 19 124 76 170 216 80 14 1.122018 25 0 0 2009-11-10T02:48:46
96.200000 4.690000 21 50 83 -4 141 87 -173 4.549881 20 0 0 2009-11-26T05:27:41
92.780000 13.630000 29 354 67 -166 258 77 -24 8.103389 21 0 0 2009-11-26T06:13:02
92.790000 13.620000 27 252 73 -17 347 74 -162 1.791465 22 0 0 2009-12-01T11:40:45
93.790000 3.030000 13 102 55 -168 5 80 -36 1.812731 21 0 0 2010-01-22T06:46:17
93.140000 4.630000 14 96 60 -159 355 72 -32 1.791465 22 0 0 2010-02-16T19:08:24
101.930000 25.560000 24 14 76 -9 106 81 -166 8.103389 21 0 0 2010-02-25T04:56:55
86.730000 28.410000 84 12 69 -16 108 75 -158 8.103389 21 0 0 2010-02-26T04:42:29
100.070000 21.400000 15 234 63 -19 332 74 -152 8.954507 20 0 0 2010-03-19T19:53:38
92.830000 13.670000 30 255 60 -20 355 73 -148 3.817611 28 0 0 2010-03-30T16:54:46
99.170000 1.860000 21 148 64 178 239 88 26 8.954507 20 0 0 2010-04-09T06:29:37
101.720000 -5.550000 17 104 75 174 195 85 15 1.791465 22 0 0 2010-04-11T05:59:29
91.850000 7.800000 28 133 61 -170 38 81 -30 8.103389 21 0 0 2010-04-13T20:14:57
105.170000 -6.640000 18 226 76 -12 319 78 -166 4.083194 22 0 0 2010-05-19T00:13:21
99.180000 24.860000 17 342 60 -154 238 67 -33 8.954507 20 0 0 2010-06-01T15:58:14
95.790000 4.780000 88 65 63 156 167 69 29 9.600452 22 0 0 2010-06-03T09:24:15
91.940000 7.880000 33 220 63 31 115 63 149 4.247418 33 0 0 2010-06-12T19:26:50
91.990000 7.780000 12 113 63 -172 20 83 -28 8.103389 21 0 0 2010-06-13T06:26:04
91.820000 7.400000 12 125 62 -179 34 89 -28 1.812731 21 0 0 2010-06-15T23:24:27
91.960000 7.700000 14 113 80 -178 23 88 -10 9.600452 22 0 0 2010-06-24T04:08:35
92.050000 7.760000 16 134 58 173 228 84 32 1.812731 21 0 0 2010-06-24T17:06:22
91.860000 7.590000 14 110 79 -177 19 87 -11 8.103389 21 0 0 2010-06-25T07:29:00
99.790000 -0.740000 90 81 51 155 187 71 42 3.776809 21 0 0 2010-06-30T10:54:52
93.260000 14.370000 28 11 77 -170 279 80 -13 3.776809 21 0 0 2010-07-08T13:46:58
94.970000 11.600000 12 353 78 -177 263 87 -12 4.083194 22 0 0 2010-08-17T01:39:28
90.660000 23.410000 18 149 77 171 241 82 13 3.776809 21 0 0 2010-09-10T17:24:16
94.060000 7.790000 19 154 84 -179 64 89 -6 1.512400 24 0 0 2010-09-11T11:43:08
95.740000 6.440000 257 31 58 -157 288 71 -34 1.812731 21 0 0 2010-11-21T22:51:41
103.420000 20.860000 22 123 72 178 213 88 18 4.549881 20 0 0 2010-12-30T18:50:19
90.410000 4.240000 13 109 63 -175 17 85 -27 2.329879 23 0 0 2011-01-07T03:09:58
108.190000 9.870000 12 108 69 -174 16 85 -21 1.812731 21 0 0 2011-01-26T07:24:31
97.970000 24.720000 15 64 79 5 333 85 169 9.600452 22 0 0 2011-03-10T04:58:15
99.840000 20.690000 13 339 79 175 70 85 11 5.468585 29 0 0 2011-03-24T13:55:11
99.770000 20.650000 14 347 72 168 80 79 18 5.839491 23 0 0 2011-03-24T15:54:35
99.880000 20.710000 12 8 63 166 104 78 28 1.812731 21 0 0 2011-03-25T00:22:39
99.080000 1.140000 110 96 64 155 198 67 29 8.103389 21 0 0 2011-03-25T09:14:30
100.110000 20.740000 14 236 79 2 146 88 168 1.812731 21 0 0 2011-03-26T05:57:33
95.760000 4.030000 74 166 62 -3 257 87 -152 9.600452 22 0 0 2011-04-29T08:56:47
101.760000 -7.720000 28 268 85 178 358 88 5 4.050031 24 0 0 2011-05-29T18:24:01
99.230000 1.860000 20 147 65 175 239 85 25 9.600452 22 0 0 2011-06-14T00:08:35
99.110000 1.840000 17 149 60 -177 57 87 -30 5.839491 23 0 0 2011-06-14T03:01:29
99.110000 1.850000 17 129 51 -175 36 86 -40 1.791465 22 0 0 2011-06-18T11:58:01
100.190000 -3.410000 12 325 59 -178 233 88 -31 8.103389 21 0 0 2011-08-03T14:35:01
98.790000 0.970000 91 108 43 176 201 87 47 1.791465 22 0 0 2011-08-03T20:02:18
98.730000 24.930000 20 251 86 1 161 89 176 8.103389 21 0 0 2011-08-09T11:50:22
88.140000 27.720000 46 216 72 -12 310 79 -162 5.468585 29 0 0 2011-09-18T12:40:51
96.170000 2.450000 31 98 64 -178 8 88 -27 9.600452 22 0 0 2011-10-16T17:16:19
103.790000 -7.160000 19 71 66 -163 333 74 -25 3.776809 21 0 0 2011-11-04T21:31:33
97.610000 25.200000 17 20 81 -177 289 87 -9 8.103389 21 0 0 2011-11-28T15:06:51
96.420000 4.550000 12 34 71 -18 130 73 -160 4.083194 22 0 0 2012-01-01T18:09:06
93.210000 2.430000 23 103 81 -173 12 83 -9 3.999447 31 0 0 2012-01-10T18:36:59
93.220000 2.440000 12 103 46 -178 12 89 -44 1.812731 21 0 0 2012-01-11T11:56:03
93.020000 2.730000 12 100 57 -173 6 84 -33 8.103389 21 0 0 2012-01-27T09:54:31
97.060000 4.200000 13 111 56 -171 17 83 -34 3.776809 21 0 0 2012-03-05T06:55:30
100.160000 -0.840000 102 182 57 22 80 72 145 8.954507 20 0 0 2012-03-06T11:36:23
93.060000 2.330000 45 20 76 5 289 85 166 3.567248 42 0 0 2012-04-11T08:38:36
92.460000 0.800000 54 107 83 -177 17 87 -7 7.489595 39 0 0 2012-04-11T10:43:10
89.560000 2.870000 12 132 63 156 234 69 30 1.512400 24 0 0 2012-04-11T22:51:57
89.680000 1.840000 14 97 59 175 189 86 31 4.050031 24 0 0 2012-04-11T23:56:32
93.440000 2.400000 32 119 56 176 211 87 34 1.791465 22 0 0 2012-04-12T13:09:49
92.750000 3.750000 12 104 60 -173 10 84 -30 4.083194 22 0 0 2012-04-12T20:21:52
91.810000 1.040000 12 122 69 159 220 70 22 8.954507 20 0 0 2012-04-13T03:17:19
91.040000 1.550000 12 118 44 177 210 88 46 1.812731 21 0 0 2012-04-13T04:49:48
89.940000 3.400000 12 97 68 -170 3 81 -23 1.812731 21 0 0 2012-04-13T12:48:11
92.150000 1.040000 12 117 47 174 211 85 43 8.954507 20 0 0 2012-04-13T15:09:22
92.240000 0.460000 12 109 43 -176 16 87 -47 4.549881 20 0 0 2012-04-14T02:03:56
90.270000 2.580000 33 13 68 -13 108 78 -158 2.941880 26 0 0 2012-04-15T05:57:40
90.900000 1.880000 20 148 60 -169 52 80 -31 8.954507 20 0 0 2012-04-15T13:57:41
92.420000 0.800000 28 97 77 -170 5 80 -14 4.083194 22 0 0 2012-04-16T09:46:27
92.240000 0.180000 12 107 52 178 198 88 38 3.776809 21 0 0 2012-04-16T16:05:53
90.860000 1.420000 12 105 50 173 200 85 40 8.954507 20 0 0 2012-04-19T06:30:10
91.750000 1.380000 12 122 49 179 213 89 41 3.776809 21 0 0 2012-04-22T03:17:29
93.950000 8.870000 13 161 72 -163 66 74 -18 5.839491 23 0 0 2012-04-24T14:57:10
91.720000 1.150000 15 143 53 -174 50 85 -37 8.103389 21 0 0 2012-04-24T19:43:53
93.940000 9.010000 17 156 59 -167 59 79 -32 4.050031 24 0 0 2012-04-25T07:42:23
89.790000 2.220000 16 103 60 165 201 77 31 8.954507 20 0 0 2012-04-29T02:13:55
93.730000 1.910000 37 18 69 -14 113 77 -159 1.791465 22 0 0 2012-04-29T03:00:43
92.380000 1.900000 39 204 50 -4 297 87 -140 3.776809 21 0 0 2012-04-29T03:52:25
89.600000 1.760000 12 129 64 -174 36 85 -26 1.512400 24 0 0 2012-04-30T08:00:10
93.330000 14.400000 33 352 77 -175 260 85 -13 1.791465 22 0 0 2012-04-30T13:06:58
92.960000 3.310000 12 127 59 -174 34 85 -31 8.103389 21 0 0 2012-04-30T21:40:38
92.620000 3.860000 15 110 48 -178 18 89 -42 4.549881 20 0 0 2012-05-03T14:40:58
89.720000 2.000000 17 107 74 167 201 77 16 3.776809 21 0 0 2012-05-04T16:23:43
86.710000 3.560000 12 131 59 176 223 87 31 8.103389 21 0 0 2012-05-05T03:34:00
87.910000 4.810000 12 136 58 176 228 86 32 8.954507 20 0 0 2012-05-05T12:08:43
92.680000 4.020000 12 98 63 -169 3 80 -27 8.954507 20 0 0 2012-05-06T08:19:58
92.890000 26.190000 46 67 83 7 336 84 173 4.083194 22 0 0 2012-05-11T12:41:35
89.420000 -3.350000 12 102 66 174 194 85 24 9.600452 22 0 0 2012-05-13T01:19:10
86.750000 4.250000 13 99 60 164 197 76 31 4.549881 20 0 0 2012-05-14T08:40:32
89.560000 2.710000 28 208 59 16 110 76 148 1.812731 21 0 0 2012-05-15T05:19:55
92.910000 3.360000 31 13 50 0 283 90 140 3.776809 21 0 0 2012-05-17T21:58:59
93.320000 14.420000 23 181 68 -178 90 88 -22 8.954507 20 0 0 2012-05-24T19:39:27
97.900000 3.010000 104 75 45 168 174 81 46 9.557259 25 0 0 2012-06-23T04:34:53
90.510000 2.630000 19 98 66 174 190 85 25 9.600452 22 0 0 2012-06-23T21:27:29
94.700000 25.590000 49 147 78 176 238 86 12 2.329879 23 0 0 2012-07-01T04:13:52
86.570000 3.050000 12 128 53 169 224 82 38 8.954507 20 0 0 2012-07-07T09:01:52
96.530000 25.350000 12 220 82 -173 129 84 -8 8.103389 21 0 0 2012-07-09T20:13:07
94.480000 25.420000 41 253 69 11 159 80 158 1.791465 22 0 0 2012-07-14T19:55:18
96.430000 25.000000 17 95 77 -7 187 83 -167 3.776809 21 0 0 2012-07-22T02:11:12
89.700000 1.980000 15 211 51 14 112 79 141 8.954507 20 0 0 2012-07-25T06:13:03
94.300000 22.930000 71 174 65 -175 82 85 -25 1.512400 24 0 0 2012-07-29T02:21:12
89.540000 1.760000 19 97 47 172 193 84 43 8.954507 20 0 0 2012-08-02T15:25:17
92.000000 -0.220000 20 96 44 174 190 86 47 8.954507 20 0 0 2012-08-11T03:37:32
92.890000 3.320000 35 10 63 -5 102 86 -152 8.954507 20 0 0 2012-08-20T11:18:28
92.060000 -0.170000 12 100 60 -175 7 86 -30 2.329879 23 0 0 2012-08-21T17:39:38
92.010000 -0.180000 12 101 51 -180 11 90 -39 3.776809 21 0 0 2012-08-21T17:51:36
92.990000 4.410000 17 103 62 -174 10 84 -29 9.600452 22 0 0 2012-08-28T15:51:06
104.010000 27.570000 12 234 58 155 338 69 34 1.791465 22 0 0 2012-09-07T04:16:30
92.850000 13.640000 26 258 58 -12 354 80 -148 3.776809 21 0 0 2012-09-10T06:19:20
90.120000 3.580000 27 113 83 -177 23 87 -7 8.103389 21 0 0 2012-09-16T06:07:26
98.820000 -0.060000 67 168 74 10 76 80 163 1.812731 21 0 0 2012-09-20T20:47:46
96.680000 25.460000 15 218 61 -166 122 78 -30 2.376612 20 0 0 2012-09-22T20:42:48
92.780000 6.110000 23 109 71 174 201 85 19 4.083194 22 0 0 2012-09-29T11:24:32
92.580000 1.470000 12 77 73 173 169 84 17 1.791465 22 0 0 2012-10-11T17:07:54
95.890000 23.000000 16 0 55 178 91 88 35 5.468585 29 0 0 2012-11-11T01:12:38
95.830000 22.720000 12 91 75 14 358 77 164 4.050031 24 0 0 2012-11-11T10:54:41
95.870000 23.130000 20 358 71 167 93 78 20 2.329879 23 0 0 2012-11-11T18:19:45
95.940000 22.900000 16 0 60 174 93 85 30 8.954507 20 0 0 2012-11-13T18:28:12
95.960000 22.990000 19 0 72 174 92 84 18 4.549881 20 0 0 2012-11-19T17:25:53
89.790000 2.450000 14 86 71 174 178 84 19 4.549881 20 0 0 2012-12-02T14:23:07
95.890000 23.110000 20 360 67 -174 268 84 -23 4.549881 20 0 0 2012-12-03T11:55:27
90.430000 2.420000 23 117 62 -180 27 90 -28 3.776809 21 0 0 2012-12-06T02:24:28
101.250000 -7.890000 33 104 62 -176 13 87 -28 1.791465 22 0 0 2012-12-25T08:46:31
95.910000 22.780000 26 1 60 171 95 82 30 1.812731 21 0 0 2012-12-26T13:59:46
86.460000 -3.230000 21 208 75 -9 300 81 -165 8.954507 20 0 0 2012-12-31T08:50:06
92.720000 0.700000 31 126 64 -170 31 81 -26 8.103389 21 0 0 2013-01-09T21:05:03
95.910000 4.930000 17 37 73 -14 132 76 -162 3.217671 25 0 0 2013-01-21T22:22:52
100.280000 -1.540000 17 322 75 7 230 83 165 1.791465 22 0 0 2013-02-06T22:12:17
103.080000 27.240000 20 99 76 178 189 88 14 1.812731 21 0 0 2013-02-19T02:47:01
101.710000 23.240000 15 237 49 24 131 72 137 4.549881 20 0 0 2013-02-20T05:01:58
95.980000 23.070000 12 3 75 -180 273 90 -15 8.103389 21 0 0 2013-03-30T20:04:45
90.350000 2.600000 28 93 64 151 197 64 29 8.954507 20 0 0 2013-04-01T15:26:34
91.550000 2.710000 30 121 71 174 213 85 20 9.600452 22 0 0 2013-05-02T19:40:51
92.400000 0.760000 33 106 75 -168 13 78 -15 5.839491 23 0 0 2013-05-14T19:18:16
87.410000 6.270000 15 109 39 175 203 87 51 8.954507 20 0 0 2013-06-18T02:25:35
93.510000 10.620000 105 157 60 145 266 60 36 8.954507 20 0 0 2013-06-28T15:35:55
96.670000 4.640000 15 32 71 -20 129 72 -160 9.557259 25 0 0 2013-07-02T07:37:02
96.650000 4.660000 12 130 60 -165 33 77 -31 2.329879 23 0 0 2013-07-02T13:55:37
96.710000 4.650000 12 102 64 -176 11 87 -26 1.791465 22 0 0 2013-07-02T15:36:43
98.990000 1.800000 20 145 70 -179 55 89 -20 1.812731 21 0 0 2013-07-11T07:16:24
95.960000 22.980000 22 3 68 179 93 90 22 1.812731 21 0 0 2013-09-09T03:28:34
95.900000 22.880000 12 360 77 175 91 85 13 1.812731 21 0 0 2013-09-20T11:53:28
95.960000 22.940000 12 95 74 14 1 77 164 5.839491 23 0 0 2013-09-20T12:24:47
102.870000 28.090000 24 264 75 172 356 82 15 8.954507 20 0 0 2013-10-14T03:18:60
90.450000 3.230000 22 112 70 174 204 84 20 8.954507 20 0 0 2013-10-21T03:08:51
95.970000 5.100000 17 131 71 -165 36 76 -19 9.600452 22 0 0 2013-10-22T05:40:39
89.660000 1.830000 21 195 73 16 100 75 163 8.103389 21 0 0 2013-11-05T20:47:06
93.640000 26.410000 35 66 56 20 324 73 145 1.791465 22 0 0 2013-11-06T04:16:16
90.100000 2.470000 12 153 72 -171 60 82 -18 8.103389 21 0 0 2013-11-13T01:51:15
90.070000 4.210000 23 100 81 -179 9 89 -9 1.512400 24 0 0 2013-11-16T10:26:43
92.820000 5.420000 12 101 49 -163 359 77 -43 9.600452 22 0 0 2013-11-22T17:20:58
96.250000 -0.560000 23 115 70 -177 24 87 -20 8.954507 20 0 0 2013-12-06T18:49:36
102.000000 -5.730000 45 99 57 176 192 86 34 8.103389 21 0 0 2013-12-10T04:27:13
93.080000 14.330000 36 283 80 -5 14 85 -170 8.954507 20 0 0 2013-12-20T03:04:36
96.230000 4.240000 94 93 68 162 190 73 23 8.103389 21 0 0 2013-12-20T21:10:47
105.430000 -6.960000 27 317 87 -177 227 87 -3 8.954507 20 0 0 2014-01-09T16:16:51
95.910000 23.000000 20 1 70 -174 269 85 -20 3.776809 21 0 0 2014-01-26T12:38:37
93.960000 23.840000 53 249 60 0 339 90 -150 3.776809 21 0 0 2014-01-29T13:46:50
94.310000 7.760000 17 145 57 -162 45 75 -35 2.329879 23 0 0 2014-03-14T13:38:06
94.330000 7.740000 15 154 75 -170 61 80 -15 9.390023 26 0 0 2014-03-21T13:41:09
94.270000 7.540000 13 153 54 -163 53 77 -37 5.839491 23 0 0 2014-03-21T14:11:13
94.180000 7.500000 14 156 65 -175 64 86 -25 2.329879 23 0 0 2014-03-21T14:25:08
94.300000 7.450000 17 148 64 -167 53 78 -27 4.083194 22 0 0 2014-03-21T21:03:41
86.720000 4.190000 20 139 64 173 232 83 26 1.791465 22 0 0 2014-03-27T04:00:15
104.230000 -4.670000 19 132 68 -174 39 85 -22 8.103389 21 0 0 2014-03-31T04:14:00
91.600000 4.030000 12 117 55 178 208 89 35 1.812731 21 0 0 2014-04-21T12:34:09
99.670000 19.660000 12 67 81 0 337 90 171 9.557259 25 0 0 2014-05-05T11:08:43
99.600000 19.630000 12 249 83 4 158 86 173 4.549881 20 0 0 2014-05-05T23:04:55
99.630000 19.700000 12 160 88 180 250 90 2 8.103389 21 0 0 2014-05-06T00:50:16
99.470000 19.620000 12 240 66 -24 340 68 -154 1.791465 22 0 0 2014-05-06T00:58:20
102.070000 25.550000 20 356 72 -15 91 76 -162 4.549881 20 0 0 2014-05-07T14:11:45
88.030000 18.200000 57 322 83 178 52 88 7 3.217671 25 0 0 2014-05-21T16:21:54
97.840000 24.970000 19 334 85 178 64 88 5 1.512400 24 0 0 2014-05-23T20:49:22
102.990000 -6.590000 12 352 59 -178 261 88 -31 8.954507 20 0 0 2014-05-28T15:24:55
97.850000 25.000000 14 82 79 5 351 85 169 4.050031 24 0 0 2014-05-30T01:20:15
89.780000 2.020000 20 95 78 178 186 88 12 1.512400 24 0 0 2014-06-01T10:07:12
96.510000 4.440000 19 118 58 178 209 88 32 8.954507 20 0 0 2014-06-05T08:11:54
102.370000 -2.780000 163 174 57 34 64 62 142 1.812731 21 0 0 2014-06-19T00:51:17
104.820000 -6.980000 19 326 77 -170 234 80 -13 4.083194 22 0 0 2014-07-09T00:01:28
93.090000 14.360000 23 268 66 -17 5 75 -155 4.083194 22 0 0 2014-07-29T07:07:07
96.480000 4.530000 20 130 65 -172 37 83 -25 1.812731 21 0 0 2014-08-01T03:10:07
103.410000 27.190000 14 71 81 -175 340 86 -9 9.557259 25 0 0 2014-08-03T08:30:13
94.570000 24.590000 94 141 61 155 243 69 32 1.812731 21 0 0 2014-08-16T16:39:55
103.550000 28.120000 21 317 78 5 226 86 168 3.776809 21 0 0 2014-08-16T22:07:59
103.250000 -3.990000 27 133 57 -177 41 87 -33 8.954507 20 0 0 2014-09-01T18:54:57
93.250000 22.210000 16 118 81 6 27 84 171 9.600452 22 0 0 2014-09-09T09:28:22
100.540000 -0.670000 19 148 67 -177 57 87 -23 4.549881 20 0 0 2014-09-10T17:46:19
102.790000 28.400000 24 254 66 169 349 80 25 1.791465 22 0 0 2014-10-01T01:23:29
100.470000 23.380000 12 329 81 174 60 84 9 9.557259 25 0 0 2014-10-07T13:49:39
94.510000 7.610000 21 143 49 -166 43 79 -42 8.954507 20 0 0 2014-10-09T20:34:41
94.300000 7.390000 16 141 61 179 232 89 29 4.549881 20 0 0 2014-10-13T17:21:18
94.240000 7.560000 18 147 56 -169 51 81 -35 3.776809 21 0 0 2014-10-14T18:36:06
94.410000 7.530000 18 150 62 -167 54 79 -29 3.776809 21 0 0 2014-10-26T02:58:44
94.190000 7.490000 15 150 61 -165 53 77 -29 1.812731 21 0 0 2014-10-26T22:07:15
89.780000 2.200000 19 105 67 163 202 74 24 8.954507 20 0 0 2014-11-05T12:41:05
94.330000 7.420000 16 147 51 -169 49 81 -40 1.791465 22 0 0 2014-11-06T15:46:20
94.180000 7.220000 17 139 49 -177 47 88 -41 4.549881 20 0 0 2014-11-09T11:43:12
94.360000 7.580000 22 148 72 -178 57 88 -18 3.776809 21 0 0 2014-11-11T05:04:42
94.310000 7.460000 17 160 67 -168 65 79 -23 9.600452 22 0 0 2014-11-11T07:50:08
94.200000 7.450000 26 163 59 -179 73 89 -31 1.791465 22 0 0 2014-11-11T08:04:35
94.360000 7.610000 18 140 41 -171 43 84 -49 1.812731 21 0 0 2014-11-17T05:08:09
94.360000 7.480000 15 147 63 -170 53 81 -28 5.839491 23 0 0 2014-11-18T03:25:37
94.380000 7.450000 15 146 45 -172 50 84 -45 3.776809 21 0 0 2014-11-18T06:06:25
93.510000 23.510000 35 157 56 -150 49 66 -37 5.839491 23 0 0 2014-11-20T18:14:37
92.800000 12.530000 36 252 72 10 159 80 162 3.776809 21 0 0 2014-11-28T01:18:45
90.110000 3.470000 27 195 70 10 102 80 160 3.776809 21 0 0 2014-11-30T18:03:03
100.470000 23.340000 12 79 72 9 346 81 162 2.329879 23 0 0 2014-12-05T18:43:46
100.530000 23.360000 15 339 71 173 71 84 19 2.329879 23 0 0 2014-12-06T10:20:01
94.270000 7.450000 24 148 49 -175 55 86 -41 1.812731 21 0 0 2014-12-19T02:36:15
94.720000 6.950000 16 152 51 -169 54 81 -39 9.600452 22 0 0 2014-12-19T14:41:46
94.690000 24.200000 92 152 68 157 252 68 24 8.103389 21 0 0 2014-12-21T05:37:39
92.350000 13.230000 27 151 63 173 244 84 27 4.083194 22 0 0 2015-02-11T03:30:11
93.920000 24.000000 96 170 75 -174 78 84 -15 3.776809 21 0 0 2015-02-12T14:33:07
92.870000 2.930000 22 108 68 -171 14 82 -23 8.954507 20 0 0 2015-02-13T03:21:42
98.850000 23.570000 18 69 66 9 336 82 156 1.791465 22 0 0 2015-03-01T10:24:41
96.010000 4.760000 20 136 71 -163 41 74 -19 1.812731 21 0 0 2015-03-02T14:19:53
103.140000 25.320000 25 183 74 -10 276 80 -163 4.549881 20 0 0 2015-03-09T09:59:43
89.620000 1.950000 21 104 74 174 196 84 16 3.776809 21 0 0 2015-03-22T18:12:27
89.610000 1.750000 24 116 65 161 215 73 27 8.954507 20 0 0 2015-04-03T06:04:16
98.960000 1.890000 130 107 59 153 212 67 34 8.103389 21 0 0 2015-04-19T18:40:25
88.060000 26.860000 26 154 57 -157 52 71 -35 3.776809 21 0 0 2015-04-27T12:35:53
102.220000 -2.540000 158 109 56 163 208 76 35 3.217671 25 0 0 2015-05-15T20:26:56
98.960000 -3.900000 17 358 69 -10 92 81 -159 8.954507 20 0 0 2015-06-01T08:57:20
101.170000 -1.530000 28 154 60 -168 57 79 -30 8.954507 20 0 0 2015-06-12T19:54:25
90.400000 26.640000 39 234 78 11 142 79 167 4.083194 22 0 0 2015-06-28T01:05:28
95.030000 11.420000 15 264 69 -21 1 70 -158 2.329879 23 0 0 2015-07-03T03:16:35
93.320000 5.020000 41 274 60 153 19 66 33 3.776809 21 0 0 2015-08-25T03:29:33
94.550000 6.880000 21 147 72 -168 53 79 -18 2.329879 23 0 0 2015-11-08T10:42:01
94.720000 7.040000 15 141 42 -174 46 86 -49 3.776809 21 0 0 2015-11-08T10:53:31
94.610000 6.790000 14 150 62 -172 56 83 -28 1.791465 22 0 0 2015-11-08T11:54:39
94.480000 6.770000 14 149 70 -169 55 79 -21 4.083194 22 0 0 2015-11-08T13:23:47
94.770000 7.120000 12 134 53 -169 37 82 -38 4.549881 20 0 0 2015-11-08T13:38:39
94.440000 6.680000 15 148 61 -172 54 83 -29 1.791465 22 0 0 2015-11-08T14:34:05
94.460000 6.880000 15 143 50 -178 51 88 -40 8.103389 21 0 0 2015-11-08T14:47:01
94.650000 6.840000 14 144 78 -175 53 85 -12 1.069055 28 0 0 2015-11-08T16:47:02
94.530000 6.980000 25 150 56 -172 56 84 -35 2.329879 23 0 0 2015-11-08T19:14:47
94.920000 6.490000 19 62 69 -20 159 71 -158 3.776809 21 0 0 2015-11-09T06:12:15
94.740000 6.510000 16 142 68 -179 52 89 -22 8.954507 20 0 0 2015-11-09T07:13:30
94.800000 6.380000 15 144 60 -170 49 81 -30 5.839491 23 0 0 2015-11-09T08:12:49
94.530000 6.830000 13 133 66 -175 41 85 -24 1.791465 22 0 0 2015-11-14T16:53:31
93.650000 24.810000 52 338 49 165 78 78 42 1.416881 29 0 0 2016-01-03T23:05:22
92.270000 0.450000 14 118 64 173 211 84 26 1.812731 21 0 0 2016-01-13T05:47:30
106.960000 -7.320000 132 202 36 2 111 89 126 8.954507 20 0 0 2016-02-16T15:05:48
94.330000 -4.950000 37 275 87 180 5 90 3 6.652732 35 0 0 2016-03-02T12:49:48
94.410000 -4.790000 12 94 51 175 187 86 39 5.839491 23 0 0 2016-03-03T00:10:50
94.570000 -4.860000 12 90 50 176 182 87 40 8.954507 20 0 0 2016-03-03T12:52:59
94.420000 -4.190000 12 97 64 -178 6 88 -26 4.083194 22 0 0 2016-03-04T20:20:54
94.400000 -4.500000 12 92 48 176 185 87 42 3.776809 21 0 0 2016-03-05T02:41:24
102.320000 -2.810000 160 86 68 178 176 88 22 1.791465 22 0 0 2016-03-29T06:24:48
97.970000 0.450000 14 51 79 -8 142 82 -169 4.549881 20 0 0 2016-04-16T21:09:12
94.370000 -4.510000 34 90 73 -174 359 84 -17 1.791465 22 0 0 2016-04-22T19:38:11
102.570000 -7.030000 16 344 53 -28 92 68 -140 3.776809 21 0 0 2016-04-24T04:32:26
89.470000 2.920000 15 27 64 -8 120 83 -154 4.549881 20 0 0 2016-05-07T15:15:37
91.500000 11.350000 18 232 69 -1 322 89 -159 1.791465 22 0 0 2016-05-09T16:03:47
92.500000 3.850000 12 110 54 179 201 89 36 2.376612 20 0 0 2016-05-12T19:55:19
92.640000 3.830000 12 111 44 -175 17 87 -46 4.549881 20 0 0 2016-05-12T20:22:52
92.540000 3.820000 12 112 53 -175 19 86 -37 8.103389 21 0 0 2016-05-12T20:43:36
99.490000 26.050000 19 293 86 177 23 87 4 3.776809 21 0 0 2016-05-17T16:48:55
100.090000 0.030000 22 164 80 -180 74 90 -10 3.776809 21 0 0 2016-07-10T09:31:56
101.220000 -6.760000 17 101 62 -150 356 64 -31 9.600452 22 0 0 2016-07-23T07:41:44
91.710000 10.160000 12 72 77 -167 339 78 -14 8.954507 20 0 0 2016-09-15T02:30:46
94.380000 8.390000 19 165 62 -176 73 86 -29 1.812731 21 0 0 2016-09-23T22:27:24
94.250000 8.360000 16 165 58 -175 73 86 -32 3.776809 21 0 0 2016-09-26T19:04:15
94.600000 22.900000 118 153 46 161 257 76 46 4.549881 20 0 0 2016-10-26T02:21:58
104.840000 -8.110000 41 77 69 -179 347 89 -21 1.512400 24 0 0 2016-11-07T21:31:28
96.170000 5.280000 17 55 66 -10 149 81 -156 1.069055 28 0 0 2016-12-06T22:03:33
92.020000 24.010000 24 64 86 -2 154 88 -176 2.329879 23 0 0 2017-01-03T09:09:02
94.500000 23.320000 96 128 59 -178 37 88 -31 1.812731 21 0 0 2017-01-03T18:49:53
98.480000 3.310000 13 115 54 -152 8 68 -40 5.839491 23 0 0 2017-01-16T12:42:10
103.430000 27.300000 22 341 79 8 250 82 169 3.776809 21 0 0 2017-02-08T11:11:42
93.480000 24.040000 88 75 64 26 333 67 152 3.776809 21 0 0 2017-02-24T12:02:50
94.670000 25.190000 97 74 74 2 343 88 164 3.776809 21 0 0 2017-03-04T02:11:53
103.570000 27.200000 22 337 74 -7 69 83 -164 4.549881 20 0 0 2017-03-12T12:21:23
96.000000 17.400000 12 97 85 4 7 86 175 8.103389 21 0 0 2017-03-13T14:19:06
92.300000 6.150000 17 110 83 176 200 86 7 1.122018 25 0 0 2017-03-14T02:51:16
99.920000 25.870000 23 321 85 179 51 89 5 3.776809 21 0 0 2017-03-26T23:40:34
99.840000 25.940000 20 318 85 179 48 89 5 3.776809 21 0 0 2017-03-26T23:55:06
93.050000 14.460000 46 255 71 15 160 76 160 8.103389 21 0 0 2017-04-05T16:44:36
83.160000 -7.350000 32 213 75 -2 304 88 -165 5.839491 23 0 0 2017-04-16T09:44:05
100.150000 20.710000 21 235 84 3 145 87 174 1.812731 21 0 0 2017-04-18T09:13:10
104.910000 28.160000 29 88 75 179 178 89 15 1.812731 21 0 0 2017-05-04T05:40:22
95.050000 11.490000 27 266 85 -1 356 89 -175 8.954507 20 0 0 2017-05-16T14:04:40
97.280000 4.210000 12 102 55 -179 12 89 -35 1.812731 21 0 0 2017-05-28T21:54:04
102.750000 -5.540000 79 86 53 161 188 75 38 3.776809 21 0 0 2017-05-30T08:28:19
106.260000 -8.320000 38 75 62 157 176 70 30 5.839491 23 0 0 2017-06-11T23:15:06
93.620000 24.320000 42 159 65 174 252 85 25 8.103389 21 0 0 2017-08-02T18:18:08
92.460000 0.590000 12 128 59 168 224 80 32 8.954507 20 0 0 2017-09-21T02:09:35
106.390000 -5.930000 161 30 36 -1 121 89 -126 8.954507 20 0 0 2017-09-25T18:10:43
102.170000 -3.110000 18 136 58 -162 36 74 -33 1.812731 21 0 0 2017-12-05T20:46:30
108.170000 -7.490000 109 52 56 162 152 75 35 1.069055 28 0 0 2017-12-15T16:47:58
94.400000 22.060000 84 130 59 157 232 71 33 3.776809 21 0 0 2017-12-28T20:23:34
92.170000 7.130000 21 114 85 177 205 87 5 4.549881 20 0 0 2018-01-02T20:47:43
105.960000 -7.090000 53 311 41 172 47 85 49 3.217671 25 0 0 2018-01-23T06:34:55
96.190000 4.750000 19 141 79 -171 49 81 -11 8.103389 21 0 0 2018-02-08T09:52:47
98.860000 2.070000 19 152 72 -165 57 76 -18 3.776809 21 0 0 2018-02-24T10:02:34
98.750000 1.000000 75 242 41 -7 337 85 -131 8.103389 21 0 0 2018-03-01T01:35:49
98.740000 1.000000 74 242 47 2 151 88 137 1.791465 22 0 0 2018-03-01T03:17:06
95.940000 19.830000 19 177 76 173 269 83 14 8.954507 20 0 0 2018-03-07T21:13:08
99.000000 2.000000 126 221 62 12 125 80 152 1.812731 21 0 0 2018-03-13T04:33:38
87.060000 -3.100000 25 19 74 1 288 89 164 8.954507 20 0 0 2018-03-27T11:39:27
94.610000 22.960000 120 139 61 155 242 68 32 8.103389 21 0 0 2018-04-24T04:08:35
94.450000 7.320000 25 153 71 -178 62 88 -19 1.812731 21 0 0 2018-06-21T20:29:19
100.770000 -0.970000 24 149 77 -176 58 86 -13 1.791465 22 0 0 2018-07-21T07:58:16
91.770000 7.420000 23 119 73 -177 29 87 -17 8.103389 21 0 0 2018-08-06T04:35:50
102.910000 24.300000 18 201 61 3 110 88 151 8.103389 21 0 0 2018-08-12T17:44:26
93.220000 14.070000 26 125 59 6 32 85 149 8.954507 20 0 0 2018-08-13T16:07:11
102.870000 24.190000 14 206 77 9 113 81 167 8.954507 20 0 0 2018-08-13T19:50:38
101.580000 23.330000 14 126 80 -178 36 88 -10 5.839491 23 0 0 2018-09-08T02:31:30
90.160000 26.370000 27 248 72 4 157 87 162 4.083194 22 0 0 2018-09-12T04:50:46
102.390000 -5.280000 43 76 51 171 171 83 40 3.776809 21 0 0 2018-09-12T07:27:50
94.180000 7.060000 71 101 60 150 207 65 34 3.776809 21 0 0 2018-09-14T07:51:24
96.130000 4.690000 19 139 73 -172 47 83 -18 3.776809 21 0 0 2018-10-18T04:29:02
102.220000 27.790000 29 183 84 2 92 88 174 1.812731 21 0 0 2018-10-31T08:29:58
93.390000 23.970000 35 250 68 1 160 89 158 3.776809 21 0 0 2018-11-10T17:15:46
98.780000 29.740000 20 218 80 178 308 88 10 3.776809 21 0 0 2018-12-13T15:32:54
105.010000 28.300000 14 79 81 -174 348 84 -9 1.791465 22 0 0 2018-12-16T04:46:09
101.770000 21.330000 12 324 69 180 54 90 21 4.549881 20 0 0 2019-01-14T10:54:50
99.070000 1.700000 23 147 72 -178 56 88 -18 3.776809 21 0 0 2019-01-14T23:59:53
96.330000 24.810000 23 35 68 -165 299 76 -23 2.376612 20 0 0 2019-01-16T21:39:35
94.370000 7.400000 105 13 46 9 276 83 136 2.329879 23 0 0 2019-01-17T02:53:06
85.730000 14.400000 40 310 58 150 58 65 36 8.954507 20 0 0 2019-02-12T01:32:27
101.770000 -6.570000 14 100 77 -172 8 82 -13 3.776809 21 0 0 2019-02-19T18:46:41
99.610000 19.190000 16 82 68 9 349 82 158 2.376612 20 0 0 2019-02-20T09:05:42
101.580000 -1.320000 12 88 81 174 179 84 9 4.083194 22 0 0 2019-02-27T23:27:04
90.280000 -3.280000 12 104 82 175 195 85 8 9.600452 22 0 0 2019-03-10T07:53:20
101.970000 -3.120000 106 199 65 26 97 66 152 8.103389 21 0 0 2019-03-16T22:29:29
94.310000 7.780000 12 156 67 -176 65 86 -23 3.776809 21 0 0 2019-03-31T23:44:43
94.250000 7.850000 15 155 68 -166 59 77 -23 1.791465 22 0 0 2019-03-31T23:46:41
94.360000 7.810000 15 147 77 178 237 88 13 3.776809 21 0 0 2019-04-01T00:03:43
94.330000 7.650000 16 154 73 -174 62 85 -17 1.812731 21 0 0 2019-04-01T00:23:37
94.310000 7.670000 17 153 56 -178 61 88 -34 1.812731 21 0 0 2019-04-01T00:25:43
94.450000 7.620000 24 155 73 -174 64 84 -17 1.812731 21 0 0 2019-04-01T00:34:09
94.320000 7.610000 18 162 71 -170 69 80 -20 3.776809 21 0 0 2019-04-01T00:49:37
94.200000 7.460000 24 155 80 179 245 89 10 3.776809 21 0 0 2019-04-01T00:58:18
94.300000 7.540000 15 167 66 -168 72 79 -25 1.812731 21 0 0 2019-04-01T01:11:43
94.260000 7.700000 12 336 69 -162 240 73 -22 8.103389 21 0 0 2019-04-01T01:21:31
94.210000 7.570000 17 68 76 -11 160 79 -165 1.791465 22 0 0 2019-04-01T01:23:58
94.220000 7.570000 31 176 74 -180 86 90 -16 8.954507 20 0 0 2019-04-01T05:09:16
94.390000 7.540000 13 159 75 -172 67 82 -15 8.103389 21 0 0 2019-04-01T05:52:38
94.270000 7.520000 26 168 68 -172 75 82 -22 8.954507 20 0 0 2019-04-01T07:37:50
94.340000 7.580000 12 131 67 -173 39 83 -23 9.600452 22 0 0 2019-04-01T08:11:32
94.420000 25.450000 39 79 62 2 348 88 151 3.776809 21 0 0 2019-04-04T07:45:30
94.340000 7.670000 18 165 59 -152 60 67 -34 1.812731 21 0 0 2019-04-11T02:39:29
94.250000 7.640000 18 160 60 -157 57 70 -32 3.776809 21 0 0 2019-04-11T03:50:38
94.200000 7.620000 18 159 67 -159 60 70 -25 1.812731 21 0 0 2019-04-11T03:55:14
94.410000 7.420000 12 146 81 -173 55 83 -9 4.083194 22 0 0 2019-04-13T16:12:55
94.380000 7.360000 14 152 78 -172 60 82 -12 3.776809 21 0 0 2019-04-13T20:43:30
94.370000 7.590000 19 162 69 -169 68 79 -22 3.776809 21 0 0 2019-04-18T21:52:10
94.370000 7.620000 18 146 78 -179 56 89 -12 1.812731 21 0 0 2019-04-18T21:57:56
95.720000 26.230000 96 288 57 23 185 71 145 1.791465 22 0 0 2019-05-04T11:04:01
92.670000 3.800000 12 101 71 -174 9 84 -20 2.376612 20 0 0 2019-05-07T20:25:22
103.600000 28.140000 20 348 75 -7 80 83 -165 4.549881 20 0 0 2019-05-15T20:33:33
94.310000 7.600000 18 162 67 -167 67 78 -24 3.776809 21 0 0 2019-05-17T19:05:19
97.1918 1.1677 30.4 51.31 56.58 -156.19 307.65 70.3 -35.8 1.275459 20 0 0 2019-05-31T14:06:38
104.930000 28.400000 12 117 87 -2 207 88 -177 1.512400 24 0 0 2019-06-17T14:55:44
92.710000 12.120000 31 246 69 -18 343 73 -158 8.954507 20 0 0 2019-06-17T22:19:59
96.9262 1.2363 10 76.48 60.56 177.36 167.77 87.7 29.46 2.305641 19 0 0 2019-07-09T12:08:17
100.730000 26.260000 21 27 77 -7 119 83 -167 1.812731 21 0 0 2019-07-21T12:23:29
93.240000 13.100000 66 14 56 -178 283 89 -34 8.954507 20 0 0 2019-08-28T13:40:06
95.520000 22.740000 16 7 75 170 99 81 15 9.600452 22 0 0 2019-08-31T15:09:21
102.270000 -6.020000 24 98 55 -173 4 84 -35 8.103389 21 0 0 2019-10-07T20:09:33
92.710000 3.520000 29 181 74 6 89 84 164 4.549881 20 0 0 2019-10-19T11:12:00
94.520000 7.210000 17 149 74 -168 56 78 -16 8.103389 21 0 0 2019-11-17T01:28:55
94.860000 7.280000 13 150 70 -171 57 82 -21 4.549881 20 0 0 2019-11-17T06:47:05
101.250000 19.440000 12 76 62 2 345 88 152 5.839491 23 0 0 2019-11-20T21:03:57
101.360000 19.450000 12 70 63 -6 163 84 -153 9.557259 25 0 0 2019-11-20T23:50:44
92.480000 2.400000 43 197 46 -9 294 83 -135 3.776809 21 0 0 2019-11-24T14:18:44
94.940000 19.230000 78 64 46 160 168 76 45 9.600452 22 0 0 2019-11-26T11:05:57
96.040000 23.180000 21 3 65 173 95 84 25 1.791465 22 0 0 2019-11-28T14:39:13
99.110000 1.800000 34 145 65 178 236 88 25 8.954507 20 0 0 2019-12-01T13:17:04
96.100000 24.420000 13 9 74 169 102 79 17 8.954507 20 0 0 2020-03-04T00:20:03
99.600000 1.230000 20 3 83 178 93 88 7 3.776809 21 0 0 2020-04-30T08:20:26
