109.010000 -7.890000 102 63 23 -130 285 73 -75 4.050031 24 0 0 1977-01-01T17:35:54
95.770000 4.240000 64 78 19 -140 310 78 -76 9.390023 26 0 0 1977-05-25T14:55:45
100.830000 -2.270000 50 228 24 -48 3 73 -107 3.776809 21 0 0 1977-06-24T16:20:30
95.450000 4.220000 58 173 27 -50 309 70 -109 1.512400 24 0 0 1978-12-18T08:26:20
97.290000 -0.930000 15 182 54 -45 303 55 -134 8.103389 21 0 0 1979-06-13T01:24:32
100.550000 -6.280000 15 128 40 -84 300 50 -95 3.776809 21 0 0 1979-06-17T14:56:49
87.480000 26.740000 24 179 34 -82 350 57 -95 1.812731 21 0 0 1979-06-19T16:29:08
94.820000 18.110000 54 181 16 -64 334 76 -97 2.329879 23 0 0 1979-10-03T11:35:14
107.660000 -7.130000 141 91 16 -133 315 79 -79 4.083194 22 0 0 1980-09-22T18:17:55
97.980000 25.150000 10 153 46 -141 33 63 -52 1.791465 22 0 0 1981-08-14T06:09:33
94.030000 7.560000 12 19 23 -98 208 68 -86 9.600452 22 0 0 1982-05-22T08:52:58
100.370000 26.570000 10 347 26 -90 166 64 -90 1.791465 22 0 0 1982-07-03T08:13:35
99.850000 26.360000 10 146 22 -112 350 69 -81 8.103389 21 0 0 1982-10-08T13:34:57
96.130000 2.940000 19 299 51 -144 184 63 -46 4.083194 22 0 0 1982-10-31T02:48:13
101.670000 -6.680000 29 108 35 -135 338 66 -64 9.557259 25 0 0 1982-11-11T00:43:45
94.940000 5.450000 75 169 32 -44 298 68 -115 8.103389 21 0 0 1983-01-30T01:26:05
94.340000 22.050000 112 236 26 -22 345 81 -115 3.776809 21 0 0 1983-04-17T23:16:34
93.170000 7.920000 35 199 43 -43 324 62 -124 8.103389 21 0 0 1983-09-17T04:40:36
95.080000 4.720000 45 182 45 -25 289 73 -132 3.217671 25 0 0 1983-09-17T05:56:57
94.430000 22.040000 92 109 5 -151 350 87 -85 1.791465 22 0 0 1983-10-21T08:44:46
95.480000 12.790000 32 201 35 -145 82 71 -60 9.600452 22 0 0 1983-12-17T02:58:44
95.020000 11.880000 10 223 31 -90 43 59 -90 8.103389 21 0 0 1984-04-13T09:50:13
97.180000 3.550000 79 130 21 -78 297 70 -95 2.329879 23 0 0 1984-05-29T04:36:11
94.680000 11.360000 19 239 30 -109 81 62 -79 1.791465 22 0 0 1984-07-05T20:48:07
94.640000 11.090000 10 94 54 -36 207 62 -139 3.776809 21 0 0 1984-07-08T05:26:14
94.680000 11.240000 19 231 31 -126 91 65 -71 8.103389 21 0 0 1984-07-08T16:21:35
94.570000 11.000000 10 233 32 -124 91 64 -71 1.791465 22 0 0 1984-07-08T17:22:48
94.600000 10.940000 10 254 27 -83 66 63 -94 4.083194 22 0 0 1984-07-09T05:30:57
94.800000 10.830000 10 234 15 -108 73 75 -85 4.083194 22 0 0 1984-07-09T07:40:53
94.590000 10.840000 10 237 21 -109 77 71 -83 9.600452 22 0 0 1984-07-10T16:46:50
94.620000 10.820000 10 234 17 -114 80 74 -83 1.791465 22 0 0 1984-07-10T22:56:40
94.570000 10.900000 10 246 19 -84 60 71 -92 1.791465 22 0 0 1984-07-11T13:21:38
94.740000 10.910000 25 96 47 -58 233 52 -120 4.549881 20 0 0 1984-07-19T16:16:12
94.800000 10.830000 10 232 28 -110 74 63 -79 1.812731 21 0 0 1984-07-20T20:06:31
94.690000 10.990000 10 251 17 -95 76 73 -89 3.776809 21 0 0 1984-07-23T02:07:31
106.930000 -4.350000 640 116 52 -136 356 57 -47 9.600452 22 0 0 1985-03-08T00:24:42
98.490000 1.380000 62 63 29 -135 292 70 -69 1.791465 22 0 0 1985-06-29T08:34:34
100.170000 26.170000 15 330 25 -104 165 66 -84 1.791465 22 0 0 1986-03-13T08:41:22
94.620000 7.830000 181 263 27 -132 128 70 -71 4.050031 24 0 0 1986-06-19T18:12:30
96.350000 15.150000 15 242 17 -78 50 74 -94 9.600452 22 0 0 1986-06-29T09:55:41
99.940000 -0.690000 83 124 31 -125 343 65 -71 3.776809 21 0 0 1986-07-02T01:37:30
100.910000 29.360000 15 40 41 -162 296 78 -50 1.791465 22 0 0 1986-08-06T19:55:15
94.840000 4.150000 45 176 46 -25 284 72 -133 1.512400 24 0 0 1987-06-10T16:03:56
90.270000 29.770000 15 201 45 -90 21 45 -90 1.812731 21 0 0 1987-09-25T23:16:27
95.090000 18.380000 66 114 14 -124 329 78 -82 8.103389 21 0 0 1988-02-19T23:17:14
94.250000 22.050000 86 133 18 -104 327 72 -85 3.776809 21 0 0 1988-07-03T08:19:18
97.240000 29.930000 15 248 35 -106 88 57 -79 8.954507 20 0 0 1988-09-03T12:52:47
94.400000 20.300000 45 168 27 -58 313 68 -105 3.776809 21 0 0 1988-10-23T11:43:09
95.240000 4.780000 111 56 34 -152 303 75 -59 1.791465 22 0 0 1988-12-27T13:50:41
90.030000 29.120000 15 330 43 -119 187 53 -65 8.103389 21 0 0 1989-04-09T02:31:36
99.240000 29.980000 15 273 29 -73 74 62 -99 3.109627 27 0 0 1989-04-15T20:34:11
108.420000 -6.650000 228 357 44 -139 235 63 -53 4.083194 22 0 0 1989-09-01T11:57:23
93.720000 21.150000 44 196 42 -50 328 59 -120 1.791465 22 0 0 1989-12-02T19:44:26
93.800000 21.220000 15 213 38 -31 328 71 -124 4.083194 22 0 0 1989-12-08T00:04:25
103.790000 -5.940000 53 75 41 -147 319 69 -54 1.512400 24 0 0 1990-09-17T11:57:20
93.580000 12.220000 17 277 46 -61 58 51 -117 1.791465 22 0 0 1990-12-25T01:06:53
95.960000 3.740000 42 132 13 -38 260 82 -100 2.329879 23 0 0 1991-07-23T13:25:48
94.590000 20.910000 86 159 12 -85 334 78 -91 2.329879 23 0 0 1992-03-27T00:05:20
93.670000 21.060000 79 191 33 -75 353 58 -100 8.103389 21 0 0 1992-07-08T10:09:48
90.170000 29.590000 15 10 42 -94 196 49 -86 3.217671 25 0 0 1992-07-30T08:24:49
94.360000 20.350000 71 187 29 -43 317 71 -112 8.103389 21 0 0 1992-11-22T11:42:46
97.660000 3.060000 57 115 19 -98 303 72 -87 3.217671 25 0 0 1993-01-20T02:30:55
95.090000 12.140000 15 192 52 -129 65 52 -51 1.791465 22 0 0 1993-03-19T15:53:52
87.280000 29.010000 15 161 46 -121 22 52 -62 9.557259 25 0 0 1993-03-20T14:52:01
87.350000 29.030000 26 160 16 -106 357 75 -86 8.103389 21 0 0 1993-03-20T21:26:41
94.970000 11.960000 17 194 48 -143 77 63 -48 8.103389 21 0 0 1993-04-18T04:55:40
99.640000 28.000000 15 140 33 -55 280 64 -110 4.083194 22 0 0 1993-07-17T09:46:34
97.220000 25.200000 15 106 25 -85 281 65 -92 3.217671 25 0 0 1994-01-11T00:51:59
97.610000 -1.110000 15 145 43 -91 326 47 -89 3.217671 25 0 0 1994-05-02T17:14:03
94.150000 20.540000 49 220 32 -8 316 86 -122 3.109627 27 0 0 1994-05-29T14:11:51
97.500000 -1.010000 15 279 36 -67 71 58 -106 3.776809 21 0 0 1994-07-23T04:38:43
94.340000 10.570000 33 96 20 -55 239 74 -102 9.600452 22 0 0 1994-08-09T23:34:56
94.390000 10.520000 15 234 45 -87 49 45 -93 4.083194 22 0 0 1994-08-10T01:39:29
99.540000 19.450000 15 64 27 -55 206 68 -107 8.103389 21 0 0 1994-09-11T01:32:02
102.250000 -4.660000 15 75 21 -150 317 80 -71 9.600452 22 0 0 1994-09-28T21:22:09
93.780000 10.210000 15 334 34 -94 158 56 -88 3.776809 21 0 0 1994-11-07T10:59:22
97.870000 1.300000 33 89 13 -130 310 80 -81 4.083194 22 0 0 1995-02-26T15:03:41
108.920000 -5.220000 581 321 53 -45 82 56 -133 4.050031 24 0 0 1995-05-13T21:00:54
95.390000 3.720000 75 120 38 -99 311 52 -83 3.776809 21 0 0 1995-06-30T16:29:21
99.060000 2.640000 161 161 14 -63 314 78 -96 4.083194 22 0 0 1995-07-15T02:42:56
100.340000 27.300000 15 0 36 -68 153 57 -105 1.069055 28 0 0 1996-02-03T11:14:19
100.380000 27.050000 15 358 33 -86 173 57 -93 2.329879 23 0 0 1996-02-04T16:58:05
100.420000 27.250000 15 132 57 -141 18 58 -40 9.600452 22 0 0 1996-02-06T07:36:13
92.200000 28.330000 83 12 23 -117 221 69 -79 8.103389 21 0 0 1996-06-09T23:25:18
88.190000 29.920000 33 175 27 -83 347 63 -94 1.812731 21 0 0 1996-07-03T10:10:33
100.370000 27.220000 15 321 41 -98 151 50 -83 9.600452 22 0 0 1996-09-24T19:24:49
105.570000 -6.200000 22 168 35 -61 314 60 -109 3.776809 21 0 0 1996-12-13T20:33:50
108.400000 -5.030000 647 121 46 -117 337 50 -65 9.600452 22 0 0 1997-01-19T02:27:13
97.950000 1.660000 33 88 34 -83 260 57 -95 8.103389 21 0 0 1997-02-08T12:39:41
97.330000 2.880000 61 95 19 -140 327 78 -76 9.600452 22 0 0 1997-06-11T19:12:28
100.390000 27.000000 15 153 20 -110 353 72 -83 3.776809 21 0 0 1997-10-23T12:28:33
85.380000 29.080000 33 21 31 -70 178 61 -102 9.600452 22 0 0 1997-11-03T02:29:51
101.010000 -6.200000 21 136 41 -90 316 49 -90 3.776809 21 0 0 1997-12-11T18:47:09
99.620000 -1.950000 15 219 11 -1 310 90 -101 5.839491 23 0 0 1997-12-18T05:46:57
88.120000 29.950000 33 139 32 -112 345 60 -76 8.103389 21 0 0 1998-09-30T02:29:55
101.020000 27.270000 15 332 16 -89 151 74 -90 4.083194 22 0 0 1998-10-02T12:49:35
94.680000 23.740000 112 86 12 180 177 90 78 1.791465 22 0 0 1998-10-16T00:05:34
95.280000 4.030000 47 93 43 -152 341 71 -51 1.512400 24 0 0 1999-02-04T19:28:00
93.720000 23.310000 51 47 35 -103 242 56 -81 3.776809 21 0 0 1999-02-22T11:37:49
109.150000 -9.910000 67 153 26 -61 301 67 -103 1.812731 21 0 0 1999-05-24T05:02:48
101.530000 -2.890000 84 280 27 -18 27 82 -116 1.812731 21 0 0 1999-12-02T12:40:39
105.560000 -6.840000 56 197 32 -1 287 89 -122 3.109627 27 0 0 1999-12-21T14:14:57
105.650000 -6.750000 71 332 47 -124 197 52 -59 2.329879 23 0 0 2000-01-08T03:44:54
102.890000 -5.610000 15 320 46 -143 202 64 -50 1.512400 24 0 0 2000-06-05T03:00:27
102.680000 -5.550000 32 141 12 -63 293 79 -95 4.050031 24 0 0 2000-06-09T08:00:24
102.600000 -5.020000 15 29 1 174 126 90 89 1.791465 22 0 0 2000-06-15T15:22:29
102.700000 -5.410000 31 253 48 -53 24 54 -124 4.050031 24 0 0 2000-07-08T04:52:55
106.850000 -6.680000 25 350 42 -152 238 71 -51 4.083194 22 0 0 2000-07-12T01:10:42
103.300000 -5.890000 15 13 11 -30 132 85 -99 4.083194 22 0 0 2001-01-29T14:08:05
103.280000 -5.890000 30 12 17 -39 140 79 -103 8.103389 21 0 0 2001-01-29T21:07:30
101.130000 29.510000 33 92 34 -73 252 57 -101 2.329879 23 0 0 2001-02-23T00:09:23
93.690000 23.900000 64 140 40 -141 19 66 -57 8.103389 21 0 0 2001-03-03T22:55:59
102.700000 -5.210000 45 44 32 -61 190 62 -107 8.954507 20 0 0 2001-07-02T23:23:53
103.340000 -5.280000 21 233 38 -30 347 72 -124 5.839491 23 0 0 2001-07-31T09:43:14
92.380000 18.900000 15 93 33 -80 261 58 -97 8.103389 21 0 0 2001-10-13T20:54:49
94.360000 5.360000 34 331 41 -126 195 58 -63 5.839491 23 0 0 2001-10-31T22:04:32
101.920000 -5.110000 25 194 33 -77 359 58 -98 3.776809 21 0 0 2001-12-16T17:05:03
102.040000 -4.330000 15 101 21 -34 223 79 -107 2.329879 23 0 0 2002-01-03T00:54:35
101.210000 -2.880000 28 164 33 -124 23 64 -70 1.812731 21 0 0 2002-01-22T23:03:54
86.75 27.73 31 220 46 -27 329 71 -133 2.169369 18 0 0 2002-05-02T17:35:30
86.52 28.52 84 30 79 -26 125 65 -168 9.862795 17 0 0 2002-05-08T17:56:58
89 26.26 33 237 72 -9 330 81 -161 7.028700 19 0 0 2002-06-20T05:40:46
87.75 27.81 62 191 64 -71 333 31 -124 1.447244 18 0 0 2002-07-16T18:39:24
93.530000 21.180000 45 310 43 -128 177 57 -60 3.776809 21 0 0 2002-10-16T01:31:15
93.760000 17.210000 41 284 44 -90 104 46 -90 1.812731 21 0 0 2002-11-10T21:54:01
94.510000 19.380000 48 160 15 -89 339 75 -90 2.329879 23 0 0 2002-12-04T11:30:53
97.720000 4.110000 139 71 12 -132 293 81 -82 1.791465 22 0 0 2002-12-27T13:28:36
95.610000 12.950000 26 245 32 -6 340 87 -122 3.776809 21 0 0 2003-01-26T10:49:28
98.910000 1.140000 79 132 39 -166 31 81 -51 4.083194 22 0 0 2003-05-12T03:03:05
102.180000 -5.440000 15 202 12 -13 305 87 -101 1.791465 22 0 0 2003-08-29T21:20:59
101.010000 29.480000 33 61 23 -119 272 70 -79 8.954507 20 0 0 2003-09-16T08:00:43
102.460000 -5.080000 42 144 19 -46 278 76 -104 1.512400 24 0 0 2003-10-17T17:19:53
102.040000 -3.610000 33 7 19 179 97 90 71 4.083194 22 0 0 2003-11-14T07:33:06
103.970000 27.370000 15 250 36 -170 152 84 -55 2.329879 23 0 0 2003-11-14T18:49:46
106.200000 -7.560000 27 327 16 -130 188 78 -80 4.083194 22 0 0 2003-11-24T23:53:57
104.000000 -7.880000 12 314 46 -70 106 47 -110 8.954507 20 0 0 2004-02-06T21:07:36
102.960000 -4.760000 54 101 49 -140 342 61 -49 1.812731 21 0 0 2004-02-16T14:53:07
100.490000 -1.560000 50 224 54 -45 346 55 -134 1.122018 25 0 0 2004-02-22T06:46:27
93.920000 8.840000 17 163 40 -156 54 75 -53 1.812731 21 0 0 2004-04-15T23:02:10
102.040000 -5.790000 24 342 50 -54 113 51 -125 4.549881 20 0 0 2004-06-26T08:34:42
103.980000 -2.430000 600 108 45 -129 337 56 -57 1.815690 32 0 0 2004-07-25T14:35:19
95.020000 12.400000 12 39 22 -163 294 84 -69 2.329879 23 0 0 2004-07-25T19:48:57
95.000000 12.450000 12 22 43 -142 263 65 -53 1.512400 24 0 0 2004-07-29T01:44:06
94.950000 12.390000 20 217 42 -101 52 49 -80 3.776809 21 0 0 2004-07-29T02:01:49
94.970000 12.390000 12 27 44 -139 265 63 -54 4.549881 20 0 0 2004-07-29T02:18:37
95.000000 12.440000 12 30 42 -123 251 56 -64 9.600452 22 0 0 2004-07-29T13:23:03
94.940000 12.270000 12 254 41 -41 17 64 -124 1.812731 21 0 0 2004-07-31T04:15:45
102.620000 -5.470000 29 96 47 -149 344 68 -48 9.600452 22 0 0 2004-08-02T02:36:54
95.000000 12.430000 12 17 48 -143 260 63 -49 2.329879 23 0 0 2004-08-06T14:35:27
95.880000 15.810000 12 95 32 -31 212 74 -118 5.839491 23 0 0 2004-09-17T11:25:48
92.740000 13.460000 26 1 41 -116 215 54 -69 2.941880 26 0 0 2004-12-26T10:19:31
94.500000 3.860000 25 289 37 -73 88 55 -102 9.600452 22 0 0 2004-12-26T16:55:17
94.220000 4.090000 19 304 38 -91 126 52 -89 9.600452 22 0 0 2004-12-26T19:03:49
93.810000 4.470000 12 96 36 -131 323 64 -65 8.103389 21 0 0 2004-12-27T00:24:30
92.390000 8.470000 34 139 39 -109 342 53 -75 9.600452 22 0 0 2004-12-27T00:36:09
93.660000 9.090000 15 173 46 -121 34 52 -62 4.083194 22 0 0 2004-12-27T00:39:44
92.390000 12.980000 21 359 42 -132 229 60 -59 1.512400 24 0 0 2004-12-27T00:49:28
94.110000 7.850000 12 223 32 -23 333 78 -120 8.103389 21 0 0 2004-12-27T02:04:21
95.540000 3.030000 13 174 7 -43 307 85 -95 2.329879 23 0 0 2004-12-27T06:59:14
93.040000 13.680000 12 247 12 -7 343 89 -102 4.083194 22 0 0 2004-12-27T10:46:39
92.300000 8.070000 16 155 25 -126 14 70 -74 3.776809 21 0 0 2004-12-27T11:57:55
92.680000 12.810000 29 253 41 -71 48 52 -106 1.812731 21 0 0 2004-12-27T12:13:59
93.870000 8.550000 12 215 34 -23 325 77 -122 8.103389 21 0 0 2004-12-27T14:30:32
92.470000 12.350000 27 191 19 -64 344 73 -98 2.329879 23 0 0 2004-12-27T14:46:46
93.590000 10.590000 16 182 44 -41 304 63 -126 8.103389 21 0 0 2004-12-27T15:20:33
94.260000 4.820000 27 99 41 -132 329 61 -60 1.812731 21 0 0 2004-12-27T16:18:12
93.160000 5.600000 12 178 30 -71 335 62 -101 8.103389 21 0 0 2004-12-27T17:40:03
93.810000 3.320000 12 315 14 -43 87 81 -100 4.083194 22 0 0 2004-12-27T18:37:53
92.500000 11.590000 25 22 20 -77 188 71 -95 9.600452 22 0 0 2004-12-27T19:13:18
92.150000 7.810000 12 125 56 -141 10 59 -41 8.103389 21 0 0 2004-12-27T19:26:58
93.690000 8.550000 12 177 24 -79 344 66 -95 1.791465 22 0 0 2004-12-27T19:28:52
93.680000 8.950000 12 178 30 -83 350 60 -94 1.791465 22 0 0 2004-12-27T20:36:18
92.990000 9.780000 29 275 47 -67 63 48 -113 8.954507 20 0 0 2004-12-27T23:20:07
91.890000 7.990000 12 182 27 -56 325 68 -106 1.791465 22 0 0 2004-12-27T23:58:00
93.710000 9.450000 12 199 37 -74 0 55 -101 4.083194 22 0 0 2004-12-28T05:36:12
93.950000 4.180000 16 147 43 -79 313 48 -100 8.954507 20 0 0 2004-12-28T11:55:30
93.700000 9.490000 12 199 38 -76 1 54 -101 8.103389 21 0 0 2004-12-28T19:55:11
93.770000 8.950000 12 205 37 -49 338 63 -116 4.083194 22 0 0 2004-12-28T21:47:27
94.400000 3.610000 22 99 36 -148 342 72 -59 1.812731 21 0 0 2004-12-28T21:51:54
92.120000 11.080000 12 337 46 -132 209 57 -55 1.812731 21 0 0 2004-12-28T23:39:59
93.760000 9.110000 12 220 42 -46 347 61 -122 1.122018 25 0 0 2004-12-29T01:50:52
93.090000 8.820000 12 278 9 -173 181 89 -81 4.050031 24 0 0 2004-12-29T06:05:16
93.600000 9.610000 12 210 30 -61 358 64 -105 4.083194 22 0 0 2004-12-29T06:19:05
92.690000 13.240000 12 243 11 -10 342 88 -101 4.083194 22 0 0 2004-12-29T06:30:43
93.760000 7.670000 12 47 46 -122 269 52 -61 1.812731 21 0 0 2004-12-29T10:09:25
93.690000 10.330000 12 53 41 -113 263 53 -71 1.791465 22 0 0 2004-12-29T17:12:36
94.620000 5.230000 41 76 34 -162 331 80 -58 2.329879 23 0 0 2004-12-29T21:12:59
93.790000 7.670000 19 79 44 -89 257 46 -91 4.549881 20 0 0 2004-12-29T22:55:43
94.220000 4.230000 18 144 31 -64 294 63 -105 8.103389 21 0 0 2004-12-30T01:04:51
94.260000 4.220000 24 187 44 -70 340 49 -108 8.954507 20 0 0 2004-12-30T01:43:05
92.530000 9.030000 35 321 41 -125 184 58 -64 8.954507 20 0 0 2004-12-30T03:12:46
92.340000 9.010000 41 112 38 -158 4 76 -54 4.549881 20 0 0 2004-12-30T06:38:15
92.910000 6.760000 13 169 24 -57 313 70 -104 1.791465 22 0 0 2004-12-30T17:34:42
91.990000 11.080000 12 7 48 -151 256 69 -46 3.776809 21 0 0 2004-12-31T05:53:55
93.950000 7.640000 12 358 47 -133 232 58 -53 2.329879 23 0 0 2004-12-31T09:57:00
94.030000 7.660000 12 197 37 -92 20 53 -89 8.954507 20 0 0 2004-12-31T16:15:43
92.600000 7.020000 15 167 34 -97 356 57 -85 1.812731 21 0 0 2004-12-31T18:01:58
93.920000 7.290000 12 282 48 -23 28 73 -136 1.812731 21 0 0 2005-01-01T01:42:24
92.460000 7.030000 13 205 55 -37 318 60 -139 8.103389 21 0 0 2005-01-01T01:43:40
91.780000 10.840000 21 1 37 -112 208 56 -74 1.812731 21 0 0 2005-01-01T11:53:12
93.100000 4.510000 19 182 54 -32 293 64 -139 1.812731 21 0 0 2005-01-04T02:04:46
93.300000 7.410000 34 292 52 -128 164 52 -52 4.549881 20 0 0 2005-01-04T04:18:22
94.780000 4.050000 27 270 45 -80 76 46 -99 1.812731 21 0 0 2005-01-04T09:58:59
93.670000 8.860000 12 199 20 -112 43 72 -82 8.954507 20 0 0 2005-01-04T12:15:33
93.780000 4.580000 15 91 40 -137 326 64 -59 1.812731 21 0 0 2005-01-04T15:18:28
92.560000 13.000000 19 32 47 -113 244 48 -67 8.954507 20 0 0 2005-01-05T08:32:56
93.250000 5.600000 12 327 39 -105 166 53 -78 9.600452 22 0 0 2005-01-06T00:11:17
91.790000 10.910000 13 211 26 -50 348 70 -108 4.083194 22 0 0 2005-01-06T11:55:43
93.330000 5.690000 19 339 36 -69 134 56 -105 4.549881 20 0 0 2005-01-07T07:59:29
93.560000 8.770000 12 218 48 -61 358 50 -119 1.791465 22 0 0 2005-01-07T10:49:14
94.280000 3.320000 12 100 44 -112 310 50 -70 8.103389 21 0 0 2005-01-09T17:16:46
93.840000 8.170000 12 19 43 -117 233 53 -67 8.954507 20 0 0 2005-01-11T05:49:29
92.440000 14.630000 14 354 42 -157 246 75 -51 2.376612 20 0 0 2005-01-13T19:56:23
92.390000 14.570000 12 1 31 -153 247 76 -61 9.600452 22 0 0 2005-01-15T07:46:53
92.590000 14.570000 16 45 27 -80 213 63 -95 1.812731 21 0 0 2005-01-17T02:45:14
93.200000 14.480000 30 271 51 -43 31 58 -133 4.549881 20 0 0 2005-01-17T03:55:43
92.190000 13.210000 30 216 36 -87 33 54 -92 4.549881 20 0 0 2005-01-19T22:46:58
93.350000 6.440000 21 354 30 -90 174 60 -90 8.103389 21 0 0 2005-01-20T19:26:40
93.290000 5.660000 25 333 39 -83 143 52 -96 8.954507 20 0 0 2005-01-21T05:22:40
92.940000 14.550000 12 14 23 -128 234 72 -75 9.600452 22 0 0 2005-01-22T18:38:14
94.010000 7.840000 14 158 37 -153 46 74 -56 3.776809 21 0 0 2005-01-26T23:03:04
94.180000 7.820000 12 148 39 -153 36 74 -54 1.812731 21 0 0 2005-01-27T06:14:29
94.050000 7.930000 14 159 41 -158 52 75 -51 8.103389 21 0 0 2005-01-27T07:20:24
93.980000 7.850000 22 9 54 -139 252 58 -44 8.103389 21 0 0 2005-01-27T07:28:31
94.050000 7.780000 16 162 36 -169 63 83 -55 8.103389 21 0 0 2005-01-27T08:36:52
94.020000 7.810000 16 240 43 -27 350 72 -129 8.103389 21 0 0 2005-01-27T09:11:29
93.970000 7.730000 15 181 39 -143 60 67 -57 3.776809 21 0 0 2005-01-27T11:56:34
93.980000 7.840000 17 155 35 -151 41 74 -58 3.776809 21 0 0 2005-01-27T14:13:15
94.120000 7.970000 13 187 36 -125 48 61 -67 4.083194 22 0 0 2005-01-27T17:40:48
94.110000 7.900000 12 189 42 -125 52 56 -63 1.791465 22 0 0 2005-01-27T19:20:20
94.080000 8.010000 19 165 49 -152 56 69 -45 8.103389 21 0 0 2005-01-27T19:31:09
94.050000 8.130000 15 202 36 -121 58 60 -70 1.791465 22 0 0 2005-01-27T19:40:36
93.960000 8.150000 16 167 41 -153 57 73 -52 8.103389 21 0 0 2005-01-27T20:31:02
94.050000 7.930000 15 191 27 -138 63 72 -69 1.812731 21 0 0 2005-01-27T20:45:15
93.920000 7.850000 12 211 27 -90 31 63 -90 8.103389 21 0 0 2005-01-27T21:47:53
94.110000 8.040000 12 235 45 -56 12 54 -119 1.791465 22 0 0 2005-01-27T22:40:47
94.100000 7.980000 21 170 40 -145 52 68 -56 1.812731 21 0 0 2005-01-27T22:56:48
94.140000 8.060000 21 166 47 -139 45 61 -51 8.954507 20 0 0 2005-01-27T23:40:49
94.170000 7.960000 12 198 42 -119 55 54 -66 8.954507 20 0 0 2005-01-28T01:01:29
94.120000 7.920000 12 204 27 -102 38 63 -84 8.103389 21 0 0 2005-01-28T01:36:16
94.120000 8.010000 28 202 37 -97 31 54 -85 1.812731 21 0 0 2005-01-28T01:43:35
93.950000 7.830000 12 241 39 -39 4 66 -122 8.103389 21 0 0 2005-01-28T02:28:58
94.040000 7.960000 12 244 54 -45 4 56 -134 4.083194 22 0 0 2005-01-28T03:31:24
94.070000 8.010000 12 217 37 -82 27 54 -96 1.791465 22 0 0 2005-01-28T08:21:24
93.960000 7.860000 18 147 44 -161 43 77 -48 1.791465 22 0 0 2005-01-28T08:29:45
94.060000 8.100000 19 45 39 -34 163 69 -124 8.103389 21 0 0 2005-01-28T10:21:19
94.100000 8.000000 12 233 44 -60 14 53 -116 3.776809 21 0 0 2005-01-28T12:37:10
94.130000 7.910000 12 219 31 -68 14 61 -103 3.776809 21 0 0 2005-01-28T17:49:40
94.020000 7.730000 15 224 31 -55 5 65 -109 8.103389 21 0 0 2005-01-28T22:35:25
94.100000 7.960000 12 228 41 -63 14 54 -112 1.812731 21 0 0 2005-01-28T23:32:10
92.530000 7.310000 12 107 40 -157 359 75 -52 1.791465 22 0 0 2005-01-29T01:13:44
94.270000 8.110000 12 229 39 -59 11 58 -113 3.776809 21 0 0 2005-01-29T03:38:00
94.110000 8.010000 12 222 35 -63 10 60 -108 3.776809 21 0 0 2005-01-29T16:36:56
94.210000 8.070000 15 236 48 -51 5 55 -125 8.954507 20 0 0 2005-01-29T18:37:57
94.150000 8.060000 12 242 57 -37 354 60 -141 1.791465 22 0 0 2005-01-29T20:01:54
94.080000 7.730000 12 145 32 -164 42 82 -59 1.812731 21 0 0 2005-01-29T20:54:23
93.960000 8.320000 12 211 28 -96 38 62 -87 1.812731 21 0 0 2005-01-29T20:58:35
94.270000 8.060000 13 245 49 -45 8 58 -129 3.776809 21 0 0 2005-01-30T00:34:10
94.230000 8.140000 12 12 50 -130 245 54 -52 1.812731 21 0 0 2005-01-30T02:25:41
94.110000 8.020000 12 64 41 -49 195 61 -119 4.549881 20 0 0 2005-01-30T03:44:10
94.020000 8.010000 12 198 47 -130 68 56 -56 8.103389 21 0 0 2005-01-30T08:49:36
94.060000 8.120000 12 239 55 -40 355 58 -137 9.600452 22 0 0 2005-01-30T15:33:13
94.200000 8.130000 18 267 47 -54 40 54 -122 4.549881 20 0 0 2005-01-31T02:20:44
94.060000 8.070000 12 239 52 -41 357 59 -134 3.776809 21 0 0 2005-01-31T16:30:17
93.960000 9.990000 12 24 39 -113 232 55 -73 9.600452 22 0 0 2005-02-01T10:35:16
94.140000 8.110000 12 24 42 -120 242 55 -66 8.103389 21 0 0 2005-02-01T13:41:53
93.990000 9.990000 12 34 38 -114 243 56 -73 4.083194 22 0 0 2005-02-01T13:54:38
94.100000 9.960000 12 29 46 -115 243 49 -66 1.812731 21 0 0 2005-02-01T15:54:12
94.260000 8.170000 12 234 36 -60 18 59 -110 4.549881 20 0 0 2005-02-02T00:52:42
93.960000 9.960000 12 17 42 -140 254 65 -56 2.329879 23 0 0 2005-02-02T01:30:22
95.560000 26.120000 78 286 24 -26 40 80 -112 8.954507 20 0 0 2005-02-03T20:13:29
94.050000 8.060000 12 221 37 -78 26 54 -99 4.083194 22 0 0 2005-02-05T08:00:27
94.060000 8.070000 12 243 55 -42 360 57 -137 4.083194 22 0 0 2005-02-06T06:07:55
94.290000 8.100000 12 184 46 -136 60 60 -53 1.812731 21 0 0 2005-02-10T01:34:31
93.610000 10.220000 12 223 44 -44 347 61 -125 4.083194 22 0 0 2005-02-20T23:08:04
93.770000 8.630000 28 9 45 -65 157 50 -112 4.549881 20 0 0 2005-02-24T15:06:47
95.730000 3.120000 40 282 29 -84 95 61 -93 8.954507 20 0 0 2005-03-03T17:10:22
93.540000 3.200000 16 180 39 -48 311 62 -118 3.776809 21 0 0 2005-03-09T18:27:32
92.480000 13.060000 32 216 28 -82 27 62 -94 1.812731 21 0 0 2005-03-22T09:38:28
97.100000 0.190000 28 163 46 -60 304 51 -117 9.600452 22 0 0 2005-03-29T04:50:07
96.070000 2.550000 23 167 33 -48 300 66 -114 3.776809 21 0 0 2005-03-29T14:16:06
97.910000 0.920000 18 80 29 -90 260 61 -90 1.812731 21 0 0 2005-03-29T18:29:48
96.180000 2.520000 24 194 37 -45 323 65 -118 1.812731 21 0 0 2005-03-31T08:30:26
96.390000 2.870000 12 39 37 -97 228 53 -85 8.103389 21 0 0 2005-04-01T10:37:45
96.390000 2.820000 21 232 39 -55 10 59 -115 4.549881 20 0 0 2005-04-01T10:58:34
97.160000 0.180000 12 306 34 -142 182 70 -62 4.549881 20 0 0 2005-04-01T15:27:28
96.890000 -0.410000 12 103 38 -72 261 54 -104 8.103389 21 0 0 2005-04-01T22:20:17
96.920000 -0.420000 13 101 34 -88 279 56 -91 3.776809 21 0 0 2005-04-02T15:21:18
96.400000 2.890000 19 209 38 -110 54 55 -75 1.812731 21 0 0 2005-04-02T16:24:14
93.660000 9.780000 12 184 37 -140 60 67 -60 8.103389 21 0 0 2005-04-03T14:42:49
94.820000 4.770000 42 51 47 -114 264 48 -67 4.549881 20 0 0 2005-04-04T19:37:10
97.170000 0.140000 16 336 34 -75 138 57 -100 4.549881 20 0 0 2005-04-05T07:12:34
96.440000 0.450000 21 337 38 -88 154 52 -92 1.812731 21 0 0 2005-04-07T06:54:21
97.660000 0.310000 12 178 8 -67 335 82 -93 4.083194 22 0 0 2005-04-17T13:43:54
93.630000 10.180000 12 219 35 -43 346 67 -118 1.791465 22 0 0 2005-04-17T21:37:53
97.280000 0.360000 12 152 33 -51 288 65 -112 1.791465 22 0 0 2005-04-25T20:18:20
97.310000 0.310000 31 154 45 -30 266 69 -131 4.549881 20 0 0 2005-04-25T20:22:12
97.290000 0.400000 13 140 20 -90 320 70 -90 8.103389 21 0 0 2005-04-25T21:40:17
93.980000 7.810000 12 219 37 -57 360 59 -113 8.954507 20 0 0 2005-04-26T14:01:40
93.710000 8.690000 17 227 50 -53 358 52 -125 1.812731 21 0 0 2005-04-27T14:04:44
97.870000 0.800000 16 338 34 -110 181 59 -77 2.376612 20 0 0 2005-05-01T12:00:05
93.270000 5.740000 12 348 42 -63 134 54 -112 1.812731 21 0 0 2005-05-13T04:23:32
97.260000 0.400000 19 144 21 -65 298 71 -99 1.812731 21 0 0 2005-05-19T20:44:08
96.250000 0.700000 13 153 33 -85 327 57 -93 1.812731 21 0 0 2005-05-31T00:01:37
94.860000 12.320000 12 80 42 -72 236 50 -106 8.954507 20 0 0 2005-06-07T03:27:07
93.930000 7.650000 12 235 41 -32 350 69 -126 1.791465 22 0 0 2005-06-13T19:28:13
93.580000 10.250000 12 220 36 -59 3 60 -110 4.083194 22 0 0 2005-07-04T16:07:36
94.190000 7.430000 13 161 45 -153 51 71 -48 8.954507 20 0 0 2005-07-15T12:50:04
97.140000 2.430000 15 189 3 -25 304 89 -92 8.103389 21 0 0 2005-07-22T09:50:08
91.930000 8.120000 12 207 33 -41 333 69 -116 5.839491 23 0 0 2005-07-25T03:26:17
91.640000 8.370000 12 353 44 -126 218 56 -61 4.083194 22 0 0 2005-07-26T06:32:11
93.560000 2.860000 12 112 46 -153 3 71 -48 9.600452 22 0 0 2005-07-29T20:33:40
91.960000 8.020000 20 181 23 -131 45 73 -74 8.103389 21 0 0 2005-07-30T12:24:38
97.300000 0.320000 22 345 48 -45 109 58 -129 4.549881 20 0 0 2005-07-30T21:17:07
95.220000 4.390000 13 47 32 -75 210 60 -99 8.954507 20 0 0 2005-08-28T14:09:17
95.790000 5.360000 28 3 40 -68 156 54 -107 4.549881 20 0 0 2005-08-31T07:20:19
98.920000 2.450000 149 226 43 -36 344 67 -127 9.600452 22 0 0 2005-09-02T08:04:05
92.200000 7.690000 28 193 40 -67 344 54 -108 8.103389 21 0 0 2005-09-06T11:10:29
91.910000 8.070000 12 203 31 -50 338 67 -111 9.600452 22 0 0 2005-09-13T14:32:57
91.910000 8.040000 16 196 29 -54 336 67 -108 8.954507 20 0 0 2005-09-14T08:17:02
93.970000 7.650000 12 189 20 -96 15 70 -88 3.776809 21 0 0 2005-09-18T03:47:40
95.400000 4.510000 52 90 46 -146 335 66 -49 8.954507 20 0 0 2005-09-20T15:00:00
105.500000 -5.840000 68 353 41 -78 157 50 -100 1.812731 21 0 0 2005-09-24T04:40:24
98.010000 0.240000 12 193 25 -163 87 83 -66 4.549881 20 0 0 2005-09-30T04:39:57
93.750000 7.630000 18 229 36 -45 358 66 -117 8.954507 20 0 0 2005-10-06T02:53:00
92.530000 17.560000 19 5 50 -127 234 52 -54 4.549881 20 0 0 2005-10-31T10:34:02
95.200000 12.230000 12 15 50 -140 257 61 -47 4.083194 22 0 0 2006-01-06T04:25:05
104.150000 -5.050000 34 208 44 -68 359 50 -110 5.839491 23 0 0 2006-01-28T01:53:04
91.830000 10.900000 15 359 36 -100 192 55 -83 8.954507 20 0 0 2006-02-05T13:40:33
95.980000 2.380000 29 185 41 -56 323 57 -116 4.549881 20 0 0 2006-02-06T12:40:41
107.100000 -9.750000 17 104 46 -71 258 47 -109 4.549881 20 0 0 2006-02-20T17:54:06
96.250000 4.000000 12 14 39 -122 232 57 -67 1.791465 22 0 0 2006-03-08T06:33:38
94.400000 10.750000 12 85 34 -73 245 58 -101 8.954507 20 0 0 2006-03-09T14:48:54
93.900000 10.700000 12 63 8 -43 196 85 -96 3.776809 21 0 0 2006-03-09T14:57:09
94.280000 10.740000 17 58 36 -106 258 56 -79 3.776809 21 0 0 2006-03-09T15:03:12
94.450000 10.790000 12 89 36 -59 232 60 -110 8.103389 21 0 0 2006-03-09T15:12:02
94.510000 10.800000 12 60 32 -108 262 60 -79 8.103389 21 0 0 2006-03-09T15:19:15
94.360000 10.730000 12 83 35 -81 252 56 -96 1.812731 21 0 0 2006-03-09T15:46:51
94.530000 10.730000 21 74 43 -95 261 47 -85 1.812731 21 0 0 2006-03-09T16:42:31
94.150000 10.560000 18 69 36 -79 235 55 -98 1.812731 21 0 0 2006-03-09T17:09:11
94.580000 10.840000 12 81 39 -84 254 52 -95 4.083194 22 0 0 2006-03-09T18:21:51
94.240000 10.660000 12 111 27 -40 238 73 -111 1.791465 22 0 0 2006-03-09T18:26:27
94.330000 10.720000 12 72 39 -96 260 51 -85 8.103389 21 0 0 2006-03-09T19:15:43
94.430000 10.710000 12 60 26 -113 265 66 -79 8.103389 21 0 0 2006-03-09T20:25:46
94.570000 10.770000 12 79 31 -82 250 60 -94 1.812731 21 0 0 2006-03-09T21:18:55
94.360000 10.710000 12 67 36 -103 263 56 -81 1.791465 22 0 0 2006-03-09T21:37:00
94.360000 10.730000 12 76 32 -90 255 58 -90 1.791465 22 0 0 2006-03-09T22:30:46
94.370000 10.790000 18 266 28 -63 56 66 -103 8.954507 20 0 0 2006-03-10T01:13:41
94.260000 10.720000 12 66 34 -94 250 56 -87 9.600452 22 0 0 2006-03-10T04:05:42
94.280000 10.630000 12 59 34 -92 241 56 -89 8.103389 21 0 0 2006-03-10T04:43:33
94.260000 10.550000 12 41 33 -120 255 62 -72 3.776809 21 0 0 2006-03-10T05:06:09
94.400000 10.690000 12 70 29 -96 256 61 -87 8.103389 21 0 0 2006-03-10T12:03:58
94.230000 10.640000 12 40 45 -106 242 47 -74 3.776809 21 0 0 2006-03-11T11:48:51
94.430000 10.800000 12 71 34 -91 252 56 -90 9.600452 22 0 0 2006-03-16T13:59:22
94.300000 10.680000 12 78 33 -84 251 57 -94 8.954507 20 0 0 2006-03-19T19:12:13
94.350000 10.720000 12 86 35 -80 254 56 -97 1.812731 21 0 0 2006-03-19T21:57:09
97.350000 0.290000 12 171 26 -52 311 70 -106 8.103389 21 0 0 2006-04-04T10:36:59
105.390000 -5.570000 18 340 47 -57 117 53 -120 9.600452 22 0 0 2006-05-12T08:16:56
96.930000 0.090000 15 137 35 -57 278 61 -111 4.549881 20 0 0 2006-05-18T01:01:46
97.170000 -0.010000 12 125 33 -119 339 62 -73 8.954507 20 0 0 2006-05-30T08:37:00
107.760000 -9.090000 20 127 21 -71 287 70 -97 1.122018 25 0 0 2006-07-17T09:13:05
107.650000 -9.510000 16 274 45 -115 128 50 -67 4.050031 24 0 0 2006-07-17T11:07:36
107.830000 -9.010000 18 289 32 -82 100 59 -95 5.839491 23 0 0 2006-07-17T12:52:12
108.320000 -9.420000 12 100 15 -93 283 75 -89 3.217671 25 0 0 2006-07-17T15:45:59
108.770000 -9.370000 15 133 16 -59 281 76 -98 4.050031 24 0 0 2006-07-17T16:09:55
107.660000 -9.570000 12 278 31 -102 111 60 -83 1.791465 22 0 0 2006-07-17T16:38:38
107.860000 -9.060000 40 90 24 -104 285 66 -84 1.791465 22 0 0 2006-07-17T19:49:33
108.750000 -9.300000 15 300 30 -72 99 62 -100 1.512400 24 0 0 2006-07-18T00:15:48
107.620000 -9.560000 16 91 27 -115 299 65 -78 1.812731 21 0 0 2006-07-18T01:38:26
108.890000 -9.260000 20 293 35 -104 130 57 -81 8.954507 20 0 0 2006-07-18T03:01:48
108.780000 -9.350000 13 299 35 -85 112 55 -94 9.600452 22 0 0 2006-07-18T04:18:23
107.960000 -9.690000 12 314 50 -46 78 56 -130 1.812731 21 0 0 2006-07-18T06:51:47
107.740000 -9.010000 17 274 37 -111 119 55 -75 1.812731 21 0 0 2006-07-18T14:54:56
108.620000 -9.470000 18 110 19 -102 303 71 -86 3.776809 21 0 0 2006-07-18T19:11:13
108.540000 -9.330000 21 128 20 -61 277 73 -100 1.812731 21 0 0 2006-07-19T22:09:23
107.530000 -9.730000 12 308 46 -69 100 48 -110 8.954507 20 0 0 2006-07-20T04:34:07
108.610000 -9.510000 14 79 29 -132 305 69 -70 4.549881 20 0 0 2006-07-20T14:36:10
108.550000 -9.330000 19 101 27 -75 264 64 -97 8.954507 20 0 0 2006-07-22T03:21:12
107.640000 -9.660000 12 143 44 -51 276 57 -121 4.549881 20 0 0 2006-07-23T19:39:20
107.580000 -9.490000 12 314 40 -41 78 65 -122 4.549881 20 0 0 2006-07-24T21:03:16
108.410000 -9.260000 12 94 47 -118 311 50 -64 1.791465 22 0 0 2006-07-25T12:39:23
107.320000 -9.710000 12 115 36 -91 296 54 -89 8.954507 20 0 0 2006-07-27T22:55:54
107.360000 -9.600000 12 299 35 -87 116 55 -92 1.812731 21 0 0 2006-07-27T23:19:09
108.090000 -9.810000 12 301 37 -68 95 56 -106 1.812731 21 0 0 2006-07-28T13:01:11
107.590000 -9.690000 12 315 48 -61 95 49 -119 1.812731 21 0 0 2006-08-12T06:55:22
107.530000 -9.790000 15 129 32 -69 284 60 -103 4.549881 20 0 0 2006-08-12T19:42:00
97.180000 0.190000 30 137 24 -93 321 66 -89 9.600452 22 0 0 2006-09-03T16:20:36
107.350000 -9.900000 18 98 47 -122 320 52 -61 4.050031 24 0 0 2006-09-19T13:58:56
100.140000 11.820000 16 191 41 -77 353 50 -101 2.376612 20 0 0 2006-09-27T18:46:02
95.000000 11.790000 16 44 43 -84 215 48 -96 1.812731 21 0 0 2006-09-28T14:39:15
94.960000 11.780000 12 21 39 -118 236 56 -69 8.954507 20 0 0 2006-10-01T03:25:43
100.180000 11.740000 12 171 37 -84 344 53 -94 1.812731 21 0 0 2006-10-07T21:12:26
97.210000 0.910000 18 70 20 -109 271 71 -83 8.103389 21 0 0 2006-11-09T15:55:48
97.010000 2.990000 44 309 42 -84 122 48 -95 8.954507 20 0 0 2006-11-25T18:50:24
98.020000 2.460000 61 135 34 -83 307 56 -95 1.812731 21 0 0 2006-12-19T12:48:16
92.530000 12.990000 18 238 49 -42 360 60 -130 9.600452 22 0 0 2007-04-10T13:56:53
105.140000 -6.520000 60 310 41 -65 98 54 -110 3.776809 21 0 0 2007-08-10T13:17:57
93.650000 7.670000 17 60 41 -105 260 50 -77 8.954507 20 0 0 2007-11-21T19:04:01
100.410000 -2.240000 35 122 45 -117 338 50 -65 4.050031 24 0 0 2007-11-25T17:41:38
96.970000 0.270000 18 125 39 -109 329 53 -75 1.812731 21 0 0 2007-11-26T06:44:06
100.460000 -2.260000 35 319 42 -90 138 48 -90 1.812731 21 0 0 2007-11-26T11:03:48
100.450000 -2.280000 37 324 46 -54 97 54 -122 1.791465 22 0 0 2007-12-02T06:33:18
91.780000 8.260000 12 6 43 -90 186 47 -90 8.103389 21 0 0 2008-04-17T08:29:07
91.820000 11.010000 17 42 52 -40 159 60 -134 1.069055 28 0 0 2008-06-27T11:40:14
91.780000 10.890000 12 216 28 -41 344 72 -112 4.050031 24 0 0 2008-06-27T13:07:08
91.780000 10.890000 17 5 34 -59 149 61 -109 1.812731 21 0 0 2008-06-27T18:05:13
91.900000 10.870000 13 207 28 -55 348 67 -107 3.776809 21 0 0 2008-06-28T03:26:52
91.680000 10.860000 17 200 24 -76 5 67 -96 1.812731 21 0 0 2008-06-28T04:35:01
91.710000 10.850000 12 225 50 -49 352 55 -128 3.217671 25 0 0 2008-06-28T12:54:46
91.930000 10.900000 13 206 19 -56 351 75 -101 4.083194 22 0 0 2008-06-28T15:29:11
91.730000 11.000000 14 237 41 -29 350 71 -128 1.812731 21 0 0 2008-06-29T00:32:13
91.640000 10.750000 12 216 29 -49 351 68 -110 8.103389 21 0 0 2008-06-29T04:14:37
107.620000 -9.520000 17 123 33 -78 289 58 -98 1.791465 22 0 0 2008-07-11T06:51:38
91.760000 11.020000 13 348 49 -127 217 53 -56 4.083194 22 0 0 2008-08-10T09:27:57
91.710000 10.950000 12 218 44 -40 339 64 -126 5.839491 23 0 0 2008-08-10T12:21:11
91.790000 10.980000 12 218 30 -36 341 73 -115 1.791465 22 0 0 2008-08-10T13:01:31
97.920000 25.050000 18 21 42 -117 235 53 -68 1.812731 21 0 0 2008-08-19T21:35:17
104.470000 -6.340000 37 310 45 -155 202 73 -48 5.839491 23 0 0 2008-08-26T03:07:29
92.390000 12.940000 34 62 58 -35 172 61 -143 1.812731 21 0 0 2008-09-07T09:00:28
100.510000 -2.220000 37 327 43 -58 107 55 -116 3.776809 21 0 0 2008-09-08T10:43:29
91.780000 10.930000 27 36 49 -55 170 51 -124 3.776809 21 0 0 2008-09-18T20:32:45
96.080000 15.580000 12 33 39 -121 251 57 -67 8.103389 21 0 0 2008-09-22T13:30:38
91.660000 10.760000 12 206 48 -57 342 52 -121 4.083194 22 0 0 2008-10-03T21:20:24
90.350000 29.810000 12 44 48 -55 178 53 -122 2.941880 26 0 0 2008-10-06T08:30:45
90.320000 29.650000 13 173 43 -121 33 54 -64 8.103389 21 0 0 2008-10-06T12:10:33
91.710000 10.830000 12 216 49 -55 350 52 -123 9.600452 22 0 0 2008-11-16T12:20:36
93.640000 8.660000 18 353 45 -110 199 48 -72 8.103389 21 0 0 2008-11-19T17:14:20
92.220000 7.660000 12 212 44 -35 328 67 -128 3.776809 21 0 0 2008-12-09T21:00:52
97.030000 0.110000 16 100 45 -154 351 72 -48 1.812731 21 0 0 2009-01-24T00:36:14
92.820000 13.730000 18 273 44 -17 16 78 -132 8.103389 21 0 0 2009-01-28T20:29:56
94.960000 11.800000 12 254 45 -44 18 60 -126 3.776809 21 0 0 2009-01-31T04:27:35
95.990000 15.580000 12 33 34 -120 247 61 -72 3.776809 21 0 0 2009-03-05T15:49:52
91.690000 10.670000 15 214 20 -47 350 76 -104 3.776809 21 0 0 2009-03-11T12:58:43
93.620000 9.050000 12 208 40 -61 352 56 -112 1.791465 22 0 0 2009-06-15T12:05:26
95.000000 12.140000 12 45 35 -95 231 55 -87 8.103389 21 0 0 2009-06-22T23:10:04
94.830000 12.030000 12 9 54 -140 253 59 -43 3.776809 21 0 0 2009-06-22T23:16:28
96.710000 0.300000 13 128 33 -107 328 59 -79 3.776809 21 0 0 2009-07-01T18:58:01
94.320000 10.700000 12 85 38 -69 239 54 -106 1.812731 21 0 0 2009-07-26T07:12:04
94.290000 10.750000 12 64 32 -99 254 59 -85 3.776809 21 0 0 2009-07-26T07:40:13
94.370000 10.770000 12 64 29 -96 252 61 -86 8.103389 21 0 0 2009-07-26T08:11:15
94.400000 10.710000 12 71 34 -93 254 56 -88 3.776809 21 0 0 2009-07-26T08:40:55
94.650000 11.280000 12 51 42 -125 274 57 -63 1.812731 21 0 0 2009-07-26T09:06:45
94.330000 10.640000 12 70 31 -94 255 60 -88 3.776809 21 0 0 2009-07-26T09:40:26
94.390000 10.750000 12 65 30 -103 260 61 -83 1.812731 21 0 0 2009-07-26T10:14:15
94.320000 10.670000 12 65 34 -103 261 57 -81 3.776809 21 0 0 2009-07-26T10:58:02
94.190000 10.610000 12 60 37 -103 257 54 -80 3.776809 21 0 0 2009-07-26T11:55:44
94.210000 10.660000 12 77 31 -63 226 63 -105 8.954507 20 0 0 2009-07-26T12:25:51
94.340000 10.700000 13 81 41 -83 252 49 -96 8.954507 20 0 0 2009-07-26T12:34:33
94.290000 10.730000 12 64 41 -99 256 49 -82 1.812731 21 0 0 2009-07-26T12:48:36
94.310000 10.690000 12 55 29 -112 259 64 -79 3.776809 21 0 0 2009-07-26T13:29:16
94.240000 10.740000 12 62 40 -100 255 51 -82 8.954507 20 0 0 2009-07-26T13:48:55
94.200000 10.640000 12 59 28 -103 254 62 -83 3.776809 21 0 0 2009-07-26T14:58:14
94.290000 10.760000 12 65 36 -99 257 55 -83 3.776809 21 0 0 2009-07-26T15:26:57
94.320000 10.660000 12 67 26 -97 254 64 -87 1.812731 21 0 0 2009-07-26T15:51:02
94.350000 10.740000 12 68 30 -93 251 60 -88 1.812731 21 0 0 2009-07-26T17:47:54
94.190000 10.610000 12 66 38 -96 254 53 -85 3.776809 21 0 0 2009-07-26T21:49:21
94.180000 10.670000 12 62 39 -70 217 54 -105 8.954507 20 0 0 2009-07-27T02:09:14
94.230000 10.590000 12 56 37 -104 253 54 -79 1.812731 21 0 0 2009-07-27T03:31:51
94.330000 10.600000 12 85 40 -65 233 55 -109 1.812731 21 0 0 2009-07-27T21:15:01
94.120000 10.590000 12 55 40 -93 239 50 -87 8.103389 21 0 0 2009-07-28T05:14:57
94.180000 10.640000 12 39 43 -95 226 47 -85 1.812731 21 0 0 2009-07-28T19:14:09
92.890000 14.100000 22 39 36 -92 220 54 -89 4.247418 33 0 0 2009-08-10T19:55:35
93.720000 9.020000 19 183 39 -96 10 51 -85 3.776809 21 0 0 2009-08-12T04:33:25
93.020000 13.960000 19 9 33 -124 227 63 -70 3.776809 21 0 0 2009-08-14T19:39:49
96.970000 0.270000 16 164 43 -46 291 61 -123 4.083194 22 0 0 2009-08-23T07:20:17
92.970000 14.030000 16 238 18 -71 39 73 -96 4.083194 22 0 0 2009-11-02T21:35:44
86.010000 29.490000 18 178 43 -92 0 47 -88 2.329879 23 0 0 2009-11-07T20:08:46
107.510000 -9.290000 12 319 28 -57 103 67 -106 1.791465 22 0 0 2009-11-18T02:17:10
97.110000 0.120000 12 157 43 -61 300 53 -115 8.954507 20 0 0 2009-12-07T22:06:16
93.170000 19.400000 31 313 32 -131 179 66 -67 8.103389 21 0 0 2010-04-28T18:01:21
93.180000 14.420000 30 198 28 -123 54 67 -74 3.776809 21 0 0 2010-05-16T08:55:46
91.890000 7.790000 18 196 47 -51 326 56 -124 8.103389 21 0 0 2010-06-13T07:05:35
108.090000 -8.020000 100 181 7 -10 281 89 -97 4.050031 24 0 0 2010-06-26T09:50:45
95.350000 14.000000 12 67 31 -67 221 62 -103 1.812731 21 0 0 2010-06-27T09:43:51
95.770000 13.420000 12 40 33 -131 266 66 -67 1.812731 21 0 0 2010-06-27T10:51:47
92.820000 13.610000 22 250 45 -28 0 71 -132 1.791465 22 0 0 2010-08-09T22:21:43
105.000000 -6.530000 18 15 38 -129 240 61 -64 3.776809 21 0 0 2010-10-03T08:21:28
99.750000 -3.690000 12 334 46 -43 97 61 -127 1.791465 22 0 0 2010-10-26T10:51:23
99.670000 -3.490000 12 323 38 -92 145 52 -88 3.776809 21 0 0 2010-10-27T00:04:03
99.570000 -3.460000 13 316 41 -84 128 49 -95 8.954507 20 0 0 2010-10-27T00:17:30
99.860000 -3.530000 12 315 31 -71 113 61 -101 1.812731 21 0 0 2010-10-27T04:33:20
99.580000 -3.550000 16 333 36 -73 132 56 -102 1.812731 21 0 0 2010-10-27T15:09:39
99.650000 -3.670000 12 327 40 -67 117 53 -109 8.954507 20 0 0 2010-11-07T14:19:47
100.130000 1.190000 210 105 17 -169 5 87 -74 5.839491 23 0 0 2010-11-19T21:55:16
90.340000 29.790000 20 199 49 -59 336 50 -121 1.791465 22 0 0 2010-11-30T08:39:57
99.040000 2.690000 164 232 6 -12 334 89 -96 2.329879 23 0 0 2010-12-01T00:50:21
94.110000 10.620000 12 5 45 -158 259 75 -47 9.600452 22 0 0 2011-02-01T13:39:47
104.070000 -8.270000 12 97 45 -123 320 54 -61 5.839491 23 0 0 2011-02-06T11:21:17
107.690000 -9.850000 20 98 40 -112 307 53 -72 1.416881 29 0 0 2011-04-03T20:06:40
107.650000 -9.980000 17 101 32 -100 293 59 -84 1.791465 22 0 0 2011-05-13T21:43:20
92.460000 9.640000 48 148 23 -138 18 74 -72 9.600452 22 0 0 2011-06-03T07:27:11
96.750000 1.140000 12 155 21 -70 314 70 -97 8.954507 20 0 0 2011-06-07T02:54:23
96.780000 1.170000 12 151 18 -56 295 75 -100 1.791465 22 0 0 2011-06-08T16:32:18
96.990000 0.250000 19 148 46 -53 281 55 -122 4.549881 20 0 0 2011-07-21T06:48:04
97.890000 2.960000 94 101 11 -129 320 82 -83 3.817611 28 0 0 2011-09-05T17:55:11
95.780000 12.990000 12 11 48 -148 258 66 -47 1.812731 21 0 0 2011-10-01T12:48:57
93.860000 7.800000 12 219 42 -41 341 64 -124 2.329879 23 0 0 2011-11-30T19:42:34
93.850000 7.730000 14 209 28 -51 346 69 -109 3.776809 21 0 0 2011-12-02T19:37:48
94.020000 7.720000 15 222 28 -20 330 81 -117 8.103389 21 0 0 2011-12-16T15:47:26
92.900000 6.310000 20 337 45 -85 149 45 -95 8.954507 20 0 0 2012-02-15T18:31:53
99.560000 1.850000 188 242 19 -57 27 74 -101 1.791465 22 0 0 2012-02-20T02:28:17
93.690000 8.570000 12 209 39 -59 351 57 -113 4.083194 22 0 0 2012-03-06T02:52:42
92.830000 3.390000 18 201 45 -63 346 51 -114 8.954507 20 0 0 2012-04-12T19:25:55
93.880000 8.830000 19 170 33 -132 37 66 -66 1.812731 21 0 0 2012-04-25T16:30:59
100.780000 27.770000 12 313 46 -126 179 55 -59 2.329879 23 0 0 2012-06-24T07:59:34
88.010000 29.910000 21 179 40 -84 351 50 -95 8.954507 20 0 0 2012-07-03T19:11:40
88.040000 29.950000 24 200 31 -47 332 68 -112 1.812731 21 0 0 2012-07-22T16:44:20
96.300000 4.860000 12 183 30 -56 325 65 -108 8.103389 21 0 0 2012-08-04T11:24:15
93.620000 10.460000 12 65 38 -99 257 52 -83 3.776809 21 0 0 2012-09-10T14:35:42
99.270000 24.650000 12 349 45 -136 224 60 -55 1.812731 21 0 0 2012-09-11T03:21:21
99.810000 25.980000 12 337 42 -113 187 52 -71 4.083194 22 0 0 2013-03-03T05:41:16
99.780000 25.950000 21 332 52 -131 206 54 -50 4.083194 22 0 0 2013-04-17T01:46:00
99.500000 -3.950000 31 334 36 -55 113 61 -113 8.103389 21 0 0 2013-05-30T18:36:59
91.250000 9.380000 25 198 39 -72 355 53 -104 8.954507 20 0 0 2013-06-26T05:48:47
97.910000 29.980000 20 215 51 -128 86 52 -52 1.812731 21 0 0 2013-08-11T23:48:18
95.850000 1.180000 12 160 36 -53 298 62 -113 8.103389 21 0 0 2013-08-25T04:00:07
99.330000 28.220000 12 66 50 -125 294 51 -55 8.103389 21 0 0 2013-08-27T20:44:57
99.090000 28.400000 20 104 42 -83 274 48 -96 4.549881 20 0 0 2013-08-27T23:53:07
100.740000 -2.070000 58 322 50 -38 79 61 -133 4.083194 22 0 0 2013-08-28T05:43:25
99.380000 28.230000 13 97 42 -95 284 48 -85 5.839491 23 0 0 2013-08-31T00:04:18
99.340000 28.220000 24 131 43 -71 286 50 -107 3.776809 21 0 0 2013-08-31T00:27:01
99.500000 28.250000 21 275 44 -105 115 48 -76 8.954507 20 0 0 2013-09-03T14:32:40
99.550000 28.290000 26 270 48 -120 131 50 -61 8.954507 20 0 0 2013-09-06T15:04:14
93.070000 14.290000 20 256 48 -61 36 50 -118 9.600452 22 0 0 2013-10-24T17:57:37
95.150000 12.400000 12 15 45 -147 261 67 -50 2.329879 23 0 0 2013-11-20T10:09:18
100.570000 25.500000 20 160 41 -71 315 52 -106 4.549881 20 0 0 2013-11-28T08:23:53
109.260000 -7.990000 76 282 19 -97 110 71 -88 9.557259 25 0 0 2014-01-25T05:14:18
95.060000 12.280000 12 16 50 -140 258 60 -48 4.083194 22 0 0 2014-02-02T23:44:01
99.070000 2.840000 177 189 5 -85 4 85 -90 4.083194 22 0 0 2014-03-15T10:58:46
98.390000 0.630000 17 16 27 -10 116 85 -116 8.103389 21 0 0 2014-04-20T08:43:51
95.210000 12.440000 12 28 42 -116 241 53 -69 4.050031 24 0 0 2014-07-31T13:41:00
85.500000 29.280000 19 202 42 -62 346 54 -113 1.791465 22 0 0 2014-08-03T05:57:30
100.030000 1.120000 218 113 13 -162 6 86 -78 1.812731 21 0 0 2014-09-08T19:07:00
95.560000 6.000000 198 228 33 -31 345 74 -119 8.103389 21 0 0 2014-09-25T08:29:58
95.220000 12.520000 12 44 38 -100 237 53 -82 9.600452 22 0 0 2014-09-26T04:21:24
94.420000 20.780000 90 97 23 -156 345 81 -69 1.791465 22 0 0 2014-11-17T04:34:12
94.330000 7.430000 19 161 39 -127 25 60 -64 4.549881 20 0 0 2014-11-20T06:05:46
96.150000 2.770000 28 311 34 -67 105 59 -104 3.776809 21 0 0 2014-11-24T15:30:08
96.100000 2.590000 37 108 56 -147 358 64 -39 8.103389 21 0 0 2015-01-09T22:59:11
96.960000 0.200000 14 168 36 -56 308 61 -112 1.791465 22 0 0 2015-03-05T00:07:12
92.850000 14.070000 27 253 51 -34 6 64 -136 8.954507 20 0 0 2015-04-09T22:49:42
92.950000 14.120000 26 241 39 -40 5 66 -122 8.954507 20 0 0 2015-04-21T00:17:28
94.990000 12.300000 12 241 42 -59 23 55 -114 8.954507 20 0 0 2015-04-23T23:58:22
85.830000 28.240000 20 339 40 -105 178 52 -78 1.791465 22 0 0 2015-04-25T17:42:50
84.870000 27.800000 15 201 40 -20 306 77 -129 8.103389 21 0 0 2015-04-25T23:16:15
97.2513 1.3546 14 141.98 43.5 -75.55 302.43 48.2 -103.32 7.028700 19 0 0 2015-05-07T16:21:33
97.900000 1.540000 32 56 28 -157 305 79 -64 1.512400 24 0 0 2015-05-08T03:12:21
95.9397 3.8705 41 208.28 10.87 -4.01 302.22 89.24 -100.85 4.549881 20 0 0 2015-05-21T02:42:07
103.570000 -5.980000 33 106 45 -141 347 64 -52 8.103389 21 0 0 2015-09-23T16:18:37
99.570000 25.090000 15 177 45 -118 35 51 -64 1.812731 21 0 0 2015-10-30T11:26:43
98.890000 0.790000 87 127 25 -123 342 69 -76 1.512400 24 0 0 2015-11-08T09:34:57
99.290000 -0.480000 61 62 44 -147 307 68 -51 8.954507 20 0 0 2016-01-16T18:54:33
93.690000 10.220000 12 47 47 -146 292 66 -48 8.103389 21 0 0 2016-04-19T20:32:57
101.790000 -6.860000 12 125 40 -119 341 55 -67 1.791465 22 0 0 2016-05-14T20:52:12
99.570000 26.080000 25 14 45 -56 150 54 -119 4.549881 20 0 0 2016-05-17T17:05:17
87.510000 28.480000 22 189 41 -66 338 53 -109 8.954507 20 0 0 2016-05-22T01:32:31
87.530000 28.450000 12 203 45 -46 329 59 -125 4.083194 22 0 0 2016-05-22T01:48:48
87.480000 28.570000 12 175 37 -83 346 53 -95 1.791465 22 0 0 2016-05-22T02:05:54
100.670000 -2.100000 28 106 0 -138 334 90 -90 3.817611 28 0 0 2016-06-01T22:56:00
100.380000 -6.060000 28 111 51 -140 353 60 -47 8.954507 20 0 0 2016-08-05T09:40:52
108.160000 -4.860000 622 117 47 -127 345 54 -57 1.069055 28 0 0 2016-10-19T00:26:01
98.140000 1.530000 71 132 13 -93 315 77 -89 3.776809 21 0 0 2017-01-06T10:24:59
94.970000 12.200000 12 206 47 -133 80 58 -54 8.954507 20 0 0 2017-01-18T15:42:40
98.510000 3.350000 13 125 36 -145 5 70 -59 8.103389 21 0 0 2017-02-13T20:35:57
98.450000 3.280000 21 181 33 -61 328 62 -107 8.954507 20 0 0 2017-03-18T10:51:10
101.540000 -3.040000 16 250 3 -5 345 90 -93 8.103389 21 0 0 2017-04-02T13:55:14
99.520000 0.600000 12 170 48 -135 46 58 -52 4.549881 20 0 0 2017-04-29T17:52:21
99.190000 1.480000 20 158 34 -101 351 57 -83 8.954507 20 0 0 2017-07-14T01:25:15
99.1495 1.4122 10 176.69 50.19 -43.09 297.61 58.35 -131.22 3.974965 19 0 0 2017-07-14T10:12:59
95.120000 6.310000 26 134 46 -158 28 75 -46 1.812731 21 0 0 2017-08-06T03:48:35
103.970000 -8.150000 18 293 38 -118 147 57 -70 1.812731 21 0 0 2017-08-10T05:57:18
91.890000 1.170000 18 209 42 -60 351 55 -114 8.954507 20 0 0 2017-09-04T19:43:15
91.890000 12.780000 15 15 29 -146 255 74 -65 1.812731 21 0 0 2017-10-01T12:49:04
95.080000 11.980000 12 37 34 -117 248 60 -73 3.776809 21 0 0 2017-10-06T14:00:31
108.050000 29.360000 12 57 32 -69 213 60 -103 8.954507 20 0 0 2017-11-23T09:43:34
92.420000 8.440000 20 195 48 -44 318 59 -128 3.776809 21 0 0 2017-12-29T11:29:37
91.770000 8.250000 12 348 49 -125 214 52 -57 1.512400 24 0 0 2018-01-25T01:15:58
91.860000 8.340000 21 178 42 -109 23 50 -73 1.791465 22 0 0 2018-01-25T03:48:28
96.790000 -0.170000 17 144 28 -80 313 62 -95 8.103389 21 0 0 2018-03-02T21:03:42
108.380000 -4.980000 663 127 32 -123 344 63 -71 4.083194 22 0 0 2018-06-22T20:57:43
92.500000 13.160000 31 246 42 -54 21 57 -118 1.812731 21 0 0 2018-07-04T07:12:49
96.470000 14.540000 12 42 33 -116 252 61 -74 3.776809 21 0 0 2018-07-04T20:34:51
105.380000 -8.840000 12 141 44 -94 326 46 -87 1.812731 21 0 0 2018-10-13T19:38:25
97.000000 0.220000 13 161 34 -61 307 60 -108 1.512400 24 0 0 2018-11-29T20:21:44
102.350000 -2.680000 175 99 36 -169 360 83 -55 1.512400 24 0 0 2018-12-30T08:39:12
95.880000 3.940000 34 286 52 -44 47 57 -132 8.954507 20 0 0 2019-01-09T09:39:09
105.800000 -6.760000 64 268 47 -27 16 71 -134 8.954507 20 0 0 2019-02-13T23:41:54
93.040000 14.110000 19 13 34 -140 248 69 -62 1.791465 22 0 0 2019-03-23T11:29:27
95.160000 11.150000 12 24 43 -58 164 54 -116 2.376612 20 0 0 2019-03-28T03:08:13
95.420000 13.130000 12 49 35 -96 236 55 -86 3.776809 21 0 0 2019-04-08T01:54:52
108.600000 -9.510000 18 96 35 -121 312 60 -70 5.839491 23 0 0 2019-05-18T01:51:29
92.990000 13.890000 20 246 41 -35 4 68 -125 5.839491 23 0 0 2019-05-22T00:39:35
92.960000 13.870000 24 246 42 -18 350 78 -131 3.776809 21 0 0 2019-05-24T21:23:35
98.460000 0.650000 42 156 22 -159 46 82 -69 1.791465 22 0 0 2019-06-02T03:03:08
94.540000 18.470000 24 78 25 -156 327 80 -67 4.083194 22 0 0 2019-08-18T03:24:21
92.960000 11.290000 26 262 7 -28 20 87 -97 1.812731 21 0 0 2019-11-17T23:05:55
93.440000 20.520000 32 164 41 -114 15 53 -70 1.812731 21 0 0 2020-01-23T09:48:06
91.800000 28.770000 22 188 42 -75 349 50 -103 8.954507 20 0 0 2020-01-29T21:45:34
99.620000 -3.450000 12 162 33 -64 312 61 -106 1.812731 21 0 0 2020-03-04T13:36:46
106.680000 -6.780000 12 6 30 -150 249 76 -64 1.812731 21 0 0 2020-03-10T10:18:04
97.250000 3.870000 118 181 18 -33 303 80 -106 1.812731 21 0 0 2020-03-10T23:08:34
87.310000 28.590000 12 345 45 -103 184 47 -77 5.839491 23 0 0 2020-03-20T01:33:15
92.970000 9.370000 29 289 45 -35 45 66 -130 4.549881 20 0 0 2020-04-21T00:09:10
