> Austrailia_1	110	-10
110	-10	107.700931034	-10
107.700931034	-10	107.478	-9.925
107.478	-9.925	107.056	-9.756
107.056	-9.756	106.651	-9.554
106.651	-9.554	106.261	-9.324
106.261	-9.324	105.869	-9.098
105.869	-9.098	105.483	-8.862
105.483	-8.862	105.092	-8.636
105.092	-8.636	104.699	-8.414
104.699	-8.414	104.299	-8.213
104.299	-8.213	103.888	-8.029
103.888	-8.029	103.483	-7.833
103.483	-7.833	103.073	-7.653
103.073	-7.653	102.701	-7.402
102.701	-7.402	102.329	-7.153
102.329	-7.153	101.862	-7.955
101.862	-7.955	101.263	-8.719
101.263	-8.719	100.657	-9.49
100.657	-9.49	100.252811856	-10
100.252811856	-10	110	-10
> Indoburman_1	93.701	25.556
93.701	25.556	93.393	25.248
93.393	25.248	92.647	24.17
92.647	24.17	92.345	23.379
92.345	23.379	92.328	22.109
92.328	22.109	93.195	20.02
93.195	20.02	93.621	19.102
93.621	19.102	93.842	18.264
93.842	18.264	93.817	17.243
93.817	17.243	93.584	16.555
93.584	16.555	93.329	15.926
93.329	15.926	93.994	16.008
93.994	16.008	94.544	15.91
94.544	15.91	94.986	18.108
94.986	18.108	95.008	18.282
95.008	18.282	94.838	18.968
94.838	18.968	94.629	19.52
94.629	19.52	94.478	19.964
94.478	19.964	94.335	20.221
94.335	20.221	94.107	20.704
94.107	20.704	94.025	21.304
94.025	21.304	93.967	21.736
93.967	21.736	93.921	22.108
93.921	22.108	93.966	22.581
93.966	22.581	93.956	23.232
93.956	23.232	93.999	23.545
93.999	23.545	94.021	23.645
94.021	23.645	94.087	23.761
94.087	23.761	94.108	24.01
94.108	24.01	94.174	24.161
94.174	24.161	94.588	24.779
94.588	24.779	94.683	25.014
94.683	25.014	94.994	25.602
94.994	25.602	95.248	25.774
95.248	25.774	95.438	26
95.438	26	95.549	26.199
95.549	26.199	97.603	27.739
97.603	27.739	97.379	28.505
97.379	28.505	95.777	27.4
95.777	27.4	94.437	26.287
94.437	26.287	93.701	25.556
> Burma_1	92.671	14.819
92.671	14.819	92.141	13.901
92.141	13.901	91.834	13.078
91.834	13.078	91.595	11.778
91.595	11.778	91.591	11.3
91.591	11.3	91.576	10.514
91.576	10.514	91.559	10.056
91.559	10.056	91.533	9.604
91.533	9.604	91.554	9.104
91.554	9.104	91.55	8.94
91.55	8.94	91.676	8.531
91.676	8.531	91.832	8.134
91.832	8.134	91.999	7.74
91.999	7.74	92.165	7.346
92.165	7.346	92.302	6.939
92.302	6.939	92.452	6.538
92.452	6.538	92.586	6.13
92.586	6.13	92.711	5.719
92.711	5.719	92.846	5.311
92.846	5.311	93	4.91
93	4.91	93.177	4.518
93.177	4.518	93.407	4.155
93.407	4.155	93.659	3.806
93.659	3.806	93.891	3.443
93.891	3.443	94.161	3.107
94.161	3.107	94.451	2.786
94.451	2.786	94.781	2.51
94.781	2.51	95.104	2.221
95.104	2.221	95.428	1.933
95.428	1.933	95.737	2.345
95.737	2.345	96.109	2.759
96.109	2.759	96.895	3.6
96.895	3.6	97.266	3.946
97.266	3.946	97.001	4.101
97.001	4.101	96.814	4.253
96.814	4.253	96.753	4.353
96.753	4.353	96.594	4.37
96.594	4.37	96.393	4.531
96.393	4.531	96.07	4.841
96.07	4.841	95.938	4.96
95.938	4.96	95.702	5.128
95.702	5.128	95.454	5.302
95.454	5.302	95.209	5.547
95.209	5.547	95.045	5.747
95.045	5.747	94.851	6.219
94.851	6.219	94.498	6.837
94.498	6.837	94.883	7.139
94.883	7.139	94.46	7.603
94.46	7.603	94.775	7.847
94.775	7.847	94.429	8.312
94.429	8.312	94.171	8.686
94.171	8.686	93.986	9.019
93.986	9.019	94.415	9.27
94.415	9.27	94.216	9.717
94.216	9.717	94.024	10.17
94.024	10.17	94.415	10.679
94.415	10.679	94.807	11.188
94.807	11.188	95.019	12.024
95.019	12.024	95.005	12.453
95.005	12.453	95.055	13.01
95.055	13.01	96.503	14.129
96.503	14.129	96.48	14.4
96.48	14.4	96.454	14.909
96.454	14.909	96.406	15.136
96.406	15.136	95.912	15.534
95.912	15.534	95.095	15.813
95.095	15.813	94.544	15.91
94.544	15.91	93.994	16.008
93.994	16.008	93.329	15.926
93.329	15.926	92.671	14.819
> Dauky_1	91.444	26.757
91.444	26.757	91.27	26.741
91.27	26.741	91.095	26.755
91.095	26.755	90.881	26.74
90.881	26.74	90.67	26.751
90.67	26.751	90.469	26.743
90.469	26.743	90.262	26.754
90.262	26.754	90.052	26.755
90.052	26.755	89.848	26.738
89.848	26.738	89.629	26.75
89.629	26.75	89.41	26.757
89.41	26.757	89.171	26.742
89.171	26.742	89.007	26.76
89.007	26.76	88.822	26.769
88.822	26.769	88.636	26.779
88.636	26.779	88.45	26.788
88.45	26.788	88.264	26.797
88.264	26.797	88.074	26.735
88.074	26.735	90.145	25.498
90.145	25.498	90.797	25.307
90.797	25.307	91.005	25.263
91.005	25.263	91.606	25.293
91.606	25.293	91.997	25.264
91.997	25.264	92.5	25.148
92.5	25.148	92.828	25.163
92.828	25.163	93.218	25.273
93.218	25.273	93.527	25.424
93.527	25.424	93.701	25.556
93.701	25.556	94.437	26.287
94.437	26.287	95.777	27.4
95.777	27.4	97.379	28.505
97.379	28.505	96.85	28.962
96.85	28.962	95.667	28.325
95.667	28.325	95.048	27.747
95.048	27.747	93.767	27.181
93.767	27.181	91.9	26.814
91.9	26.814	91.623	26.752
91.623	26.752	91.444	26.757
> India_1	92.345	23.379
92.345	23.379	92.647	24.17
92.647	24.17	93.393	25.248
93.393	25.248	93.701	25.556
93.701	25.556	93.527	25.424
93.527	25.424	93.218	25.273
93.218	25.273	92.828	25.163
92.828	25.163	92.5	25.148
92.5	25.148	91.997	25.264
91.997	25.264	91.606	25.293
91.606	25.293	91.005	25.263
91.005	25.263	90.797	25.307
90.797	25.307	90.145	25.498
90.145	25.498	88.074	26.735
88.074	26.735	87.897	26.65
87.897	26.65	87.716	26.722
87.716	26.722	87.528	26.752
87.528	26.752	87.338	26.77
87.338	26.77	87.142	26.819
87.142	26.819	86.969	26.737
86.969	26.737	86.807	26.634
86.807	26.634	86.607	26.651
86.607	26.651	86.506	26.802
86.506	26.802	86.314	26.853
86.314	26.853	86.121	26.911
86.121	26.911	85.928	26.969
85.928	26.969	85.758	27.069
85.758	27.069	85.561	27.107
85.561	27.107	85.363	27.147
85.363	27.147	85.177	27.222
85.177	27.222	84.985	27.283
84.985	27.283	84.782	27.302
84.782	27.302	84.579	27.317
84.579	27.317	84.375	27.305
84.375	27.305	84.174	27.28
84.174	27.28	83.989	27.356
83.989	27.356	83.835	27.472
83.835	27.472	83.702	27.609
83.702	27.609	83.511	27.671
83.511	27.671	83.31	27.703
83.31	27.703	83.111	27.745
83.111	27.745	82.906	27.744
82.906	27.744	82.705	27.714
82.705	27.714	82.51	27.657
82.51	27.657	82.338	27.736
82.338	27.736	82.195	27.866
82.195	27.866	82.004	27.915
82.004	27.915	81.817	27.961
81.817	27.961	81.748	28.129
81.748	28.129	81.669	28.292
81.669	28.292	81.475	28.35
81.475	28.35	81.352	28.485
81.352	28.485	81.253	28.637
81.253	28.637	81.082	28.738
81.082	28.738	80.881	28.774
80.881	28.774	80.684	28.827
80.684	28.827	80.498	28.905
80.498	28.905	80.315	28.989
80.315	28.989	80.133	29.074
80.133	29.074	80	29.1212588832
80	29.1212588832	80	-4.4894469914
80	-4.4894469914	80.374	-4.393
80.374	-4.393	81.072	-4.213
81.072	-4.213	81.701	-4.031
81.701	-4.031	82.33	-3.848
82.33	-3.848	82.796	-3.641
82.796	-3.641	83.263	-3.433
83.263	-3.433	83.729	-3.225
83.729	-3.225	84.195	-3.017
84.195	-3.017	84.987	-3.181
84.987	-3.181	85.779	-3.344
85.779	-3.344	86.501	-3.716
86.501	-3.716	87.225	-4.088
87.225	-4.088	87.923	-3.529
87.923	-3.529	88.62	-2.969
88.62	-2.969	88.828	-2.271
88.828	-2.271	89.036	-1.574
89.036	-1.574	89.43	-1.179
89.43	-1.179	89.825	-0.783
89.825	-0.783	90.63	-0.45
90.63	-0.45	91.436	-0.117
91.436	-0.117	92.241	0.216
92.241	0.216	93.046	0.549
93.046	0.549	93.852	0.882
93.852	0.882	94.415	1.493
94.415	1.493	95.104	2.221
95.104	2.221	94.781	2.51
94.781	2.51	94.451	2.786
94.451	2.786	94.161	3.107
94.161	3.107	93.891	3.443
93.891	3.443	93.659	3.806
93.659	3.806	93.407	4.155
93.407	4.155	93.177	4.518
93.177	4.518	93	4.91
93	4.91	92.846	5.311
92.846	5.311	92.711	5.719
92.711	5.719	92.586	6.13
92.586	6.13	92.452	6.538
92.452	6.538	92.302	6.939
92.302	6.939	92.165	7.346
92.165	7.346	91.999	7.74
91.999	7.74	91.832	8.134
91.832	8.134	91.676	8.531
91.676	8.531	91.55	8.94
91.55	8.94	91.554	9.104
91.554	9.104	91.533	9.604
91.533	9.604	91.559	10.056
91.559	10.056	91.576	10.514
91.576	10.514	91.591	11.3
91.591	11.3	91.595	11.778
91.595	11.778	91.834	13.078
91.834	13.078	92.141	13.901
92.141	13.901	92.671	14.819
92.671	14.819	93.329	15.926
93.329	15.926	93.584	16.555
93.584	16.555	93.817	17.243
93.817	17.243	93.842	18.264
93.842	18.264	93.621	19.102
93.621	19.102	93.195	20.02
93.195	20.02	92.328	22.109
92.328	22.109	92.345	23.379
> pamir001_1	80	29.1212588832
80	29.1212588832	80.133	29.074
80.133	29.074	80.315	28.989
80.315	28.989	80.498	28.905
80.498	28.905	80.684	28.827
80.684	28.827	80.881	28.774
80.881	28.774	81.082	28.738
81.082	28.738	81.253	28.637
81.253	28.637	81.352	28.485
81.352	28.485	81.475	28.35
81.475	28.35	81.669	28.292
81.669	28.292	81.748	28.129
81.748	28.129	81.817	27.961
81.817	27.961	82.004	27.915
82.004	27.915	82.195	27.866
82.195	27.866	82.338	27.736
82.338	27.736	82.51	27.657
82.51	27.657	82.705	27.714
82.705	27.714	82.906	27.744
82.906	27.744	83.111	27.745
83.111	27.745	83.31	27.703
83.31	27.703	83.511	27.671
83.511	27.671	83.702	27.609
83.702	27.609	83.835	27.472
83.835	27.472	83.989	27.356
83.989	27.356	84.174	27.28
84.174	27.28	84.375	27.305
84.375	27.305	84.579	27.317
84.579	27.317	84.782	27.302
84.782	27.302	84.985	27.283
84.985	27.283	85.177	27.222
85.177	27.222	85.363	27.147
85.363	27.147	85.561	27.107
85.561	27.107	85.758	27.069
85.758	27.069	85.928	26.969
85.928	26.969	86.121	26.911
86.121	26.911	86.314	26.853
86.314	26.853	86.506	26.802
86.506	26.802	86.607	26.651
86.607	26.651	86.807	26.634
86.807	26.634	86.969	26.737
86.969	26.737	87.142	26.819
87.142	26.819	87.338	26.77
87.338	26.77	87.528	26.752
87.528	26.752	87.716	26.722
87.716	26.722	87.897	26.65
87.897	26.65	88.074	26.735
88.074	26.735	88.264	26.797
88.264	26.797	88.45	26.788
88.45	26.788	88.636	26.779
88.636	26.779	88.822	26.769
88.822	26.769	89.007	26.76
89.007	26.76	89.171	26.742
89.171	26.742	89.41	26.757
89.41	26.757	89.629	26.75
89.629	26.75	89.848	26.738
89.848	26.738	90.052	26.755
90.052	26.755	90.262	26.754
90.262	26.754	90.469	26.743
90.469	26.743	90.67	26.751
90.67	26.751	90.881	26.74
90.881	26.74	91.095	26.755
91.095	26.755	91.27	26.741
91.27	26.741	91.444	26.757
91.444	26.757	91.623	26.752
91.623	26.752	91.9	26.814
91.9	26.814	93.767	27.181
93.767	27.181	95.048	27.747
95.048	27.747	95.667	28.325
95.667	28.325	96.85	28.962
96.85	28.962	96.32	29.418
96.32	29.418	92.974	28.114
92.974	28.114	89.553	28.335
89.553	28.335	87.745	28.224
87.745	28.224	86.14	29.265
86.14	29.265	85.008	29.431
85.008	29.431	83.976	29.897
83.976	29.897	83.7404434783	30
83.7404434783	30	80	30
80	30	80	29.1212588832
> SouthEastAsia_1	110	17.8134104525
110	17.8134104525	108.889	17.795
108.889	17.795	108.79	17.896
108.79	17.896	106.404	20.211
106.404	20.211	105.414	21.242
105.414	21.242	104.665	22.017
104.665	22.017	103.992	22.517
103.992	22.517	103.19	23.046
103.19	23.046	103.181	22.486
103.181	22.486	103.206	21.73
103.206	21.73	102.677	20.747
102.677	20.747	101.898	19.487
101.898	19.487	101.411	18.462
101.411	18.462	100.257	17.494
100.257	17.494	96.508	16.563
96.508	16.563	96.53	15.326
96.53	15.326	96.406	15.136
96.406	15.136	96.454	14.909
96.454	14.909	96.48	14.4
96.48	14.4	96.503	14.129
96.503	14.129	95.055	13.01
95.055	13.01	95.005	12.453
95.005	12.453	95.019	12.024
95.019	12.024	94.807	11.188
94.807	11.188	94.415	10.679
94.415	10.679	94.024	10.17
94.024	10.17	94.216	9.717
94.216	9.717	94.415	9.27
94.415	9.27	93.986	9.019
93.986	9.019	94.171	8.686
94.171	8.686	94.429	8.312
94.429	8.312	94.775	7.847
94.775	7.847	94.46	7.603
94.46	7.603	94.883	7.139
94.883	7.139	94.498	6.837
94.498	6.837	94.851	6.219
94.851	6.219	95.045	5.747
95.045	5.747	95.209	5.547
95.209	5.547	95.454	5.302
95.454	5.302	95.702	5.128
95.702	5.128	95.938	4.96
95.938	4.96	96.07	4.841
96.07	4.841	96.393	4.531
96.393	4.531	96.594	4.37
96.594	4.37	96.753	4.353
96.753	4.353	96.814	4.253
96.814	4.253	97.001	4.101
97.001	4.101	97.266	3.946
97.266	3.946	97.514	3.797
97.514	3.797	97.745	3.581
97.745	3.581	97.89	3.399
97.89	3.399	98.019	3.151
98.019	3.151	98.225	2.896
98.225	2.896	98.445	2.64
98.445	2.64	98.732	2.278
98.732	2.278	98.987	1.971
98.987	1.971	99.261	1.518
99.261	1.518	99.394	1.348
99.394	1.348	99.529	1.163
99.529	1.163	99.725	0.949
99.725	0.949	99.999	0.658
99.999	0.658	100.115	0.383
100.115	0.383	100.127	0.199
100.127	0.199	100.233	-0.003
100.233	-0.003	100.224	-0.129
100.224	-0.129	100.445	-0.458
100.445	-0.458	100.467	-0.588
100.467	-0.588	100.576	-0.74
100.576	-0.74	100.706	-1.013
100.706	-1.013	100.896	-1.276
100.896	-1.276	101.18	-1.683
101.18	-1.683	101.267	-1.864
101.267	-1.864	101.57	-2.232
101.57	-2.232	101.5	-2.303
101.5	-2.303	101.625	-2.445
101.625	-2.445	101.815	-2.681
101.815	-2.681	101.973	-2.819
101.973	-2.819	102.215	-3.084
102.215	-3.084	102.343	-3.327
102.343	-3.327	102.456	-3.504
102.456	-3.504	102.662	-3.759
102.662	-3.759	102.843	-3.974
102.843	-3.974	103.268	-4.374
103.268	-4.374	103.419	-4.383
103.419	-4.383	103.591	-4.535
103.591	-4.535	103.84	-4.777
103.84	-4.777	104.281	-5.196
104.281	-5.196	104.561	-5.616
104.561	-5.616	105.916	-6.108
105.916	-6.108	107.383	-6.471
107.383	-6.471	110	-7.00579424157
110	-7.00579424157	110	17.8134104525
> ChinaSea_1	110	19.7526423048
110	19.7526423048	106.404	20.211
106.404	20.211	108.79	17.896
108.79	17.896	108.889	17.795
108.889	17.795	110	17.8134104525
110	17.8134104525	110	19.7526423048
> Myanmar_L_1	98.167	19.921
98.167	19.921	96.251	19.314
96.251	19.314	96.333	18.729
96.333	18.729	96.487	17.8
96.487	17.8	96.508	16.563
96.508	16.563	100.257	17.494
100.257	17.494	101.411	18.462
101.411	18.462	101.898	19.487
101.898	19.487	102.677	20.747
102.677	20.747	103.206	21.73
103.206	21.73	103.181	22.486
103.181	22.486	103.19	23.046
103.19	23.046	102.731	23.241
102.731	23.241	101.968	23.557
101.968	23.557	100.875	25.006
100.875	25.006	100.587	24.698
100.587	24.698	100.035	24.251
100.035	24.251	99.6	23.692
99.6	23.692	99.239	23.239
99.239	23.239	100.281	22.401
100.281	22.401	101.064	21.739
101.064	21.739	99.615	20.792
99.615	20.792	98.167	19.921
> EJAV_1	105.916	-6.108
105.916	-6.108	104.561	-5.616
104.561	-5.616	105.089	-6.716
105.089	-6.716	106.261	-9.324
106.261	-9.324	106.651	-9.554
106.651	-9.554	107.056	-9.756
107.056	-9.756	107.478	-9.925
107.478	-9.925	107.700931034	-10
107.700931034	-10	110	-10
110	-10	110	-7.00579424157
110	-7.00579424157	107.383	-6.471
107.383	-6.471	105.916	-6.108
> SouthChinaBlock_1	102.696876352	30
102.696876352	30	102.228	29.667
102.228	29.667	102.274	29.355
102.274	29.355	102.819	28.583
102.819	28.583	102.948	26.853
102.948	26.853	103.186	26.162
103.186	26.162	103.129	25.228
103.129	25.228	102.97	24.991
102.97	24.991	102.922	24.604
102.922	24.604	102.72	24.276
102.72	24.276	102.731	23.241
102.731	23.241	103.19	23.046
103.19	23.046	103.992	22.517
103.992	22.517	104.665	22.017
104.665	22.017	105.414	21.242
105.414	21.242	106.404	20.211
106.404	20.211	110	19.7526423048
110	19.7526423048	110	30
110	30	102.696876352	30
> BurmanRanges_1	94.544	15.91
94.544	15.91	95.095	15.813
95.095	15.813	95.912	15.534
95.912	15.534	96.406	15.136
96.406	15.136	96.53	15.326
96.53	15.326	96.508	16.563
96.508	16.563	96.487	17.8
96.487	17.8	96.333	18.729
96.333	18.729	96.251	19.314
96.251	19.314	96.173	19.731
96.173	19.731	96.042	20.815
96.042	20.815	95.983	21.374
95.983	21.374	95.971	21.859
95.971	21.859	95.978	22.254
95.978	22.254	95.947	22.603
95.947	22.603	95.968	22.923
95.968	22.923	95.982	23.091
95.982	23.091	96	23.4
96	23.4	96.114	24.361
96.114	24.361	96.36	25.186
96.36	25.186	96.992	26.067
96.992	26.067	97.5	27.087
97.5	27.087	97.603	27.739
97.603	27.739	95.549	26.199
95.549	26.199	95.438	26
95.438	26	95.248	25.774
95.248	25.774	94.994	25.602
94.994	25.602	94.683	25.014
94.683	25.014	94.588	24.779
94.588	24.779	94.174	24.161
94.174	24.161	94.108	24.01
94.108	24.01	94.087	23.761
94.087	23.761	94.021	23.645
94.021	23.645	93.999	23.545
93.999	23.545	93.956	23.232
93.956	23.232	93.966	22.581
93.966	22.581	93.921	22.108
93.921	22.108	93.967	21.736
93.967	21.736	94.025	21.304
94.025	21.304	94.107	20.704
94.107	20.704	94.335	20.221
94.335	20.221	94.478	19.964
94.478	19.964	94.629	19.52
94.629	19.52	94.838	18.968
94.838	18.968	95.008	18.282
95.008	18.282	94.986	18.108
94.986	18.108	94.544	15.91
> southernmost_sliver_1	98.539	22.934
98.539	22.934	98.017	22.795
98.017	22.795	97.188	22.695
97.188	22.695	96.481	22.717
96.481	22.717	95.968	22.923
95.968	22.923	95.947	22.603
95.947	22.603	95.978	22.254
95.978	22.254	95.971	21.859
95.971	21.859	95.983	21.374
95.983	21.374	96.042	20.815
96.042	20.815	96.173	19.731
96.173	19.731	96.251	19.314
96.251	19.314	98.167	19.921
98.167	19.921	99.615	20.792
99.615	20.792	101.064	21.739
101.064	21.739	100.281	22.401
100.281	22.401	99.239	23.239
99.239	23.239	98.539	22.934
> Sumatra_sliver_1	96.109	2.759
96.109	2.759	95.737	2.345
95.737	2.345	95.428	1.933
95.428	1.933	95.725	1.616
95.725	1.616	96.003	1.281
96.003	1.281	96.252	0.923
96.252	0.923	96.498	0.562
96.498	0.562	96.712	0.181
96.712	0.181	96.945	-0.189
96.945	-0.189	97.164	-0.568
97.164	-0.568	97.395	-0.941
97.395	-0.941	97.618	-1.319
97.618	-1.319	97.861	-1.685
97.861	-1.685	98.097	-2.056
98.097	-2.056	98.338	-2.425
98.338	-2.425	98.608	-2.773
98.608	-2.773	98.892	-3.108
98.892	-3.108	99.156	-3.461
99.156	-3.461	99.423	-3.813
99.423	-3.813	99.698	-4.158
99.698	-4.158	99.974	-4.503
99.974	-4.503	100.228	-4.867
100.228	-4.867	100.536	-5.186
100.536	-5.186	100.811	-5.535
100.811	-5.535	101.094	-5.878
101.094	-5.878	101.379	-6.221
101.379	-6.221	101.658	-6.569
101.658	-6.569	101.971	-6.886
101.971	-6.886	102.329	-7.153
102.329	-7.153	102.701	-7.402
102.701	-7.402	103.073	-7.653
103.073	-7.653	103.483	-7.833
103.483	-7.833	103.888	-8.029
103.888	-8.029	104.299	-8.213
104.299	-8.213	104.699	-8.414
104.699	-8.414	105.092	-8.636
105.092	-8.636	105.483	-8.862
105.483	-8.862	105.869	-9.098
105.869	-9.098	106.261	-9.324
106.261	-9.324	105.089	-6.716
105.089	-6.716	104.561	-5.616
104.561	-5.616	104.281	-5.196
104.281	-5.196	103.84	-4.777
103.84	-4.777	103.591	-4.535
103.591	-4.535	103.419	-4.383
103.419	-4.383	103.268	-4.374
103.268	-4.374	102.843	-3.974
102.843	-3.974	102.662	-3.759
102.662	-3.759	102.456	-3.504
102.456	-3.504	102.343	-3.327
102.343	-3.327	102.215	-3.084
102.215	-3.084	101.973	-2.819
101.973	-2.819	101.815	-2.681
101.815	-2.681	101.625	-2.445
101.625	-2.445	101.5	-2.303
101.5	-2.303	101.57	-2.232
101.57	-2.232	101.267	-1.864
101.267	-1.864	101.18	-1.683
101.18	-1.683	100.896	-1.276
100.896	-1.276	100.706	-1.013
100.706	-1.013	100.576	-0.74
100.576	-0.74	100.467	-0.588
100.467	-0.588	100.445	-0.458
100.445	-0.458	100.224	-0.129
100.224	-0.129	100.233	-0.003
100.233	-0.003	100.127	0.199
100.127	0.199	100.009	0.257
100.009	0.257	99.847	0.422
99.847	0.422	99.625	0.604
99.625	0.604	99.495	0.821
99.495	0.821	99.392	1.119
99.392	1.119	99.315	1.342
99.315	1.342	99.261	1.518
99.261	1.518	98.987	1.971
98.987	1.971	98.732	2.278
98.732	2.278	98.445	2.64
98.445	2.64	98.225	2.896
98.225	2.896	98.019	3.151
98.019	3.151	97.89	3.399
97.89	3.399	97.745	3.581
97.745	3.581	97.514	3.797
97.514	3.797	97.266	3.946
97.266	3.946	96.895	3.6
96.895	3.6	96.109	2.759
> 90East_1	101.658	-6.569
101.658	-6.569	101.379	-6.221
101.379	-6.221	101.094	-5.878
101.094	-5.878	100.811	-5.535
100.811	-5.535	100.536	-5.186
100.536	-5.186	100.228	-4.867
100.228	-4.867	99.974	-4.503
99.974	-4.503	99.698	-4.158
99.698	-4.158	99.423	-3.813
99.423	-3.813	99.156	-3.461
99.156	-3.461	98.892	-3.108
98.892	-3.108	98.608	-2.773
98.608	-2.773	98.338	-2.425
98.338	-2.425	98.097	-2.056
98.097	-2.056	97.861	-1.685
97.861	-1.685	97.618	-1.319
97.618	-1.319	97.395	-0.941
97.395	-0.941	97.164	-0.568
97.164	-0.568	96.945	-0.189
96.945	-0.189	96.712	0.181
96.712	0.181	96.498	0.562
96.498	0.562	96.252	0.923
96.252	0.923	96.003	1.281
96.003	1.281	95.725	1.616
95.725	1.616	95.428	1.933
95.428	1.933	95.104	2.221
95.104	2.221	94.415	1.493
94.415	1.493	93.852	0.882
93.852	0.882	93.046	0.549
93.046	0.549	92.241	0.216
92.241	0.216	91.436	-0.117
91.436	-0.117	90.63	-0.45
90.63	-0.45	89.825	-0.783
89.825	-0.783	89.43	-1.179
89.43	-1.179	89.036	-1.574
89.036	-1.574	88.828	-2.271
88.828	-2.271	88.62	-2.969
88.62	-2.969	87.923	-3.529
87.923	-3.529	87.225	-4.088
87.225	-4.088	86.501	-3.716
86.501	-3.716	85.779	-3.344
85.779	-3.344	84.987	-3.181
84.987	-3.181	84.195	-3.017
84.195	-3.017	83.729	-3.225
83.729	-3.225	83.263	-3.433
83.263	-3.433	82.796	-3.641
82.796	-3.641	82.33	-3.848
82.33	-3.848	81.701	-4.031
81.701	-4.031	81.072	-4.213
81.072	-4.213	80.374	-4.393
80.374	-4.393	80	-4.4894469914
80	-4.4894469914	80	-10
80	-10	100.252811856	-10
100.252811856	-10	100.657	-9.49
100.657	-9.49	101.263	-8.719
101.263	-8.719	101.862	-7.955
101.862	-7.955	102.329	-7.153
102.329	-7.153	101.971	-6.886
101.971	-6.886	101.658	-6.569
> southeast_01_1	100.181090909	30
100.181090909	30	100.787	29.57
100.787	29.57	100.857	28.933
100.857	28.933	100.822	28.114
100.822	28.114	100.783	26.74
100.783	26.74	100.648	25.568
100.648	25.568	100.875	25.006
100.875	25.006	101.968	23.557
101.968	23.557	102.731	23.241
102.731	23.241	102.72	24.276
102.72	24.276	102.922	24.604
102.922	24.604	102.97	24.991
102.97	24.991	103.129	25.228
103.129	25.228	103.186	26.162
103.186	26.162	102.948	26.853
102.948	26.853	102.216	27.906
102.216	27.906	102.248	28.752
102.248	28.752	102.274	29.355
102.274	29.355	102.228	29.667
102.228	29.667	102.082625806	30
102.082625806	30	100.181090909	30
> WestOfSichuan_1	102.082625806	30
102.082625806	30	102.228	29.667
102.228	29.667	102.696876352	30
102.696876352	30	102.082625806	30
> hima-block_1	87.745	28.224
87.745	28.224	89.553	28.335
89.553	28.335	92.974	28.114
92.974	28.114	96.32	29.418
96.32	29.418	95.416	29.897
95.416	29.897	95.2218267223	30
95.2218267223	30	86.356452514	30
86.356452514	30	86.14	29.265
86.14	29.265	87.745	28.224
> east-central-tibet_1	95.2218267223	30
95.2218267223	30	95.416	29.897
95.416	29.897	96.32	29.418
96.32	29.418	96.85	28.962
96.85	28.962	97.379	28.505
97.379	28.505	97.603	27.739
97.603	27.739	98.166	27.296
98.166	27.296	99.04	26.629
99.04	26.629	99.459	25.204
99.459	25.204	100.587	24.698
100.587	24.698	100.875	25.006
100.875	25.006	100.648	25.568
100.648	25.568	100.783	26.74
100.783	26.74	100.822	28.114
100.822	28.114	100.857	28.933
100.857	28.933	100.787	29.57
100.787	29.57	100.181090909	30
100.181090909	30	95.2218267223	30
> new_e_syntaxis_1	97.603	27.739
97.603	27.739	97.5	27.087
97.5	27.087	96.992	26.067
96.992	26.067	96.36	25.186
96.36	25.186	96.114	24.361
96.114	24.361	96	23.4
96	23.4	95.982	23.091
95.982	23.091	95.968	22.923
95.968	22.923	96.481	22.717
96.481	22.717	97.188	22.695
97.188	22.695	98.017	22.795
98.017	22.795	98.539	22.934
98.539	22.934	99.239	23.239
99.239	23.239	99.6	23.692
99.6	23.692	100.035	24.251
100.035	24.251	100.587	24.698
100.587	24.698	99.459	25.204
99.459	25.204	99.04	26.629
99.04	26.629	98.166	27.296
98.166	27.296	97.603	27.739
> CentralTibet_1	83.7404434783	30
83.7404434783	30	83.976	29.897
83.976	29.897	85.008	29.431
85.008	29.431	86.14	29.265
86.14	29.265	86.356452514	30
86.356452514	30	83.7404434783	30
> Sumatran_fault_splay_1	99.999	0.658
99.999	0.658	99.725	0.949
99.725	0.949	99.529	1.163
99.529	1.163	99.394	1.348
99.394	1.348	99.261	1.518
99.261	1.518	99.315	1.342
99.315	1.342	99.392	1.119
99.392	1.119	99.495	0.821
99.495	0.821	99.625	0.604
99.625	0.604	99.847	0.422
99.847	0.422	100.009	0.257
100.009	0.257	100.127	0.199
100.127	0.199	100.115	0.383
100.115	0.383	99.999	0.658
> XXF_1	102.948	26.853
102.948	26.853	102.819	28.583
102.819	28.583	102.274	29.355
102.274	29.355	102.248	28.752
102.248	28.752	102.216	27.906
102.216	27.906	102.948	26.853
> END	
