108.85047 -10.00197
107.58945 -9.96252
107.26695 -9.84057
106.85344 -9.65506
106.45593 -9.43905
106.06494 -9.21105
105.67594 -8.98005
105.28744 -8.74905
104.89544 -8.52505
104.49895 -8.31355
104.09345 -8.12105
103.68545 -7.93105
103.27796 -7.74305
102.88695 -7.52754
102.51495 -7.27754
102.09572 -7.55406
101.56279 -8.33711
100.96033 -9.10463
100.45506 -9.74506
105.12641 -10.03555
93.54680 25.40208
93.01839 24.70946
92.49554 23.77457
92.33646 22.74400
92.76454 21.06505
93.40861 19.56112
93.73177 18.68303
93.82946 17.75350
93.70029 16.89903
93.45630 16.24054
93.66143 15.96726
94.26907 15.95917
94.76370 17.00912
94.99699 18.19500
94.92317 18.62502
94.73368 19.24403
94.55360 19.74202
94.40656 20.09251
94.22118 20.46254
94.06608 21.00400
93.99604 21.52000
93.94403 21.92200
93.94346 22.34450
93.96101 22.90650
93.97747 23.38850
94.01000 23.59500
94.05399 23.70300
94.09749 23.88550
94.14098 24.08550
94.38049 24.47014
94.63545 24.89651
94.83812 25.30808
95.12091 25.68805
95.34291 25.88703
95.49345 26.09951
96.56898 26.97272
97.49140 28.12205
96.57390 27.95482
95.10371 26.84508
94.06786 25.92196
92.40546 14.36015
91.98724 13.48955
91.71420 12.42803
91.59300 11.53900
91.58349 10.90700
91.56749 10.28500
91.54599 9.83000
91.54351 9.35400
91.55200 9.02200
91.61303 8.73551
91.75404 8.33251
91.91554 7.93701
92.08204 7.54301
92.23353 7.14251
92.37703 6.73851
92.51903 6.33400
92.64852 5.92450
92.77852 5.51500
92.92302 5.11050
93.08852 4.71401
93.29203 4.33651
93.53303 3.98051
93.77502 3.62451
94.02602 3.27501
94.30602 2.94651
94.61602 2.64801
94.94252 2.36551
95.26601 2.07701
95.58248 2.13901
95.92297 2.55201
96.50184 3.17957
97.08046 3.77302
97.13351 4.02351
96.90751 4.17701
96.78350 4.30300
96.67350 4.36150
96.49351 4.45051
96.23154 4.68602
96.00401 4.90050
95.82002 5.04401
95.57802 5.21501
95.33152 5.42451
95.12701 5.64701
94.94804 5.98301
94.67461 6.52803
94.69044 6.98804
94.67161 7.37105
94.61745 7.72503
94.60210 8.07954
94.30006 8.49902
94.07854 8.85251
94.20042 9.14456
94.31556 9.49351
94.12007 9.94351
94.21934 10.42456
94.61083 10.93356
94.91284 11.60602
95.01201 12.23850
95.02997 12.73150
95.77729 13.57054
96.49151 14.26450
96.46702 14.65450
96.43001 15.02250
96.15924 15.33514
95.50378 15.67388
94.81957 15.86167
94.26907 15.95917
93.66143 15.96726
92.99913 15.37274
91.35699 26.74903
91.18251 26.74803
90.98799 26.74754
90.77551 26.74554
90.56950 26.74704
90.36551 26.74854
90.15700 26.75454
89.94999 26.74654
89.73851 26.74404
89.51950 26.75354
89.29049 26.74955
89.08901 26.75102
88.91450 26.76453
88.72900 26.77403
88.54300 26.78353
88.35700 26.79253
88.16897 26.76603
89.11498 26.12020
90.47126 25.40286
90.90102 25.28504
91.30546 25.27830
91.80152 25.27863
92.24862 25.20621
92.66399 25.15559
93.02291 25.21813
93.37240 25.34858
93.61395 25.49003
94.06786 25.92196
95.10371 26.84508
96.57390 27.95482
97.11508 28.73376
96.25670 28.64478
95.35667 28.03635
94.40586 27.46547
92.83198 27.00058
91.76146 26.78307
91.53350 26.75453
92.49554 23.77457
93.01839 24.70946
93.54680 25.40208
93.61395 25.49003
93.37240 25.34858
93.02291 25.21813
92.66399 25.15559
92.24862 25.20621
91.80152 25.27863
91.30546 25.27830
90.90102 25.28504
90.47126 25.40286
89.11498 26.12020
87.98547 26.69253
87.80653 26.68603
87.62201 26.73703
87.43301 26.76103
87.24002 26.79453
87.05547 26.77803
86.88796 26.68552
86.70701 26.64253
86.55653 26.72651
86.41002 26.82753
86.21752 26.88203
86.02452 26.94003
85.84304 27.01903
85.65952 27.08803
85.46202 27.12703
85.27003 27.18453
85.08103 27.25253
84.88351 27.29254
84.68051 27.30954
84.47699 27.31104
84.27449 27.29254
84.08153 27.31803
83.91204 27.41402
83.76854 27.54052
83.60653 27.64003
83.41051 27.68704
83.21052 27.72404
83.00850 27.74454
82.80549 27.72904
82.60747 27.68553
82.42403 27.69653
82.26654 27.80102
82.09952 27.89053
81.91052 27.93803
81.78253 28.04500
81.70853 28.21051
81.57203 28.32103
81.41354 28.41751
81.30254 28.56101
81.16754 28.68753
80.98152 28.75604
80.78253 28.80054
80.59103 28.86603
80.40654 28.94703
80.22404 29.03153
80.06652 29.09765
80.00000 12.31591
80.18701 -4.44125
80.72304 -4.30308
81.38654 -4.12206
82.01553 -3.93956
82.56303 -3.74453
83.02953 -3.53703
83.49602 -3.32903
83.96202 -3.12103
84.59097 -3.09907
85.38297 -3.26258
86.13993 -3.53007
86.86292 -3.90208
87.57411 -3.80857
88.27160 -3.24906
88.72403 -2.62000
88.93202 -1.92250
89.23302 -1.37651
89.62751 -0.98101
90.22751 -0.61652
91.03301 -0.28351
91.83850 0.04950
92.64349 0.38251
93.44899 0.71552
94.13347 1.18751
94.75943 1.85703
94.94252 2.36551
94.61602 2.64801
94.30602 2.94651
94.02602 3.27501
93.77502 3.62451
93.53303 3.98051
93.29203 4.33651
93.08852 4.71401
92.92302 5.11050
92.77852 5.51500
92.64852 5.92450
92.51903 6.33400
92.37703 6.73851
92.23353 7.14251
92.08204 7.54301
91.91554 7.93701
91.75404 8.33251
91.61303 8.73551
91.55200 9.02200
91.54351 9.35400
91.54599 9.83000
91.56749 10.28500
91.58349 10.90700
91.59300 11.53900
91.71420 12.42803
91.98724 13.48955
92.40546 14.36015
92.99913 15.37274
93.45630 16.24054
93.70029 16.89903
93.82946 17.75350
93.73177 18.68303
93.40861 19.56112
92.76454 21.06505
92.33646 22.74400
80.06652 29.09765
80.22404 29.03153
80.40654 28.94703
80.59103 28.86603
80.78253 28.80054
80.98152 28.75604
81.16754 28.68753
81.30254 28.56101
81.41354 28.41751
81.57203 28.32103
81.70853 28.21051
81.78253 28.04500
81.91052 27.93803
82.09952 27.89053
82.26654 27.80102
82.42403 27.69653
82.60747 27.68553
82.80549 27.72904
83.00850 27.74454
83.21052 27.72404
83.41051 27.68704
83.60653 27.64003
83.76854 27.54052
83.91204 27.41402
84.08153 27.31803
84.27449 27.29254
84.47699 27.31104
84.68051 27.30954
84.88351 27.29254
85.08103 27.25253
85.27003 27.18453
85.46202 27.12703
85.65952 27.08803
85.84304 27.01903
86.02452 26.94003
86.21752 26.88203
86.41002 26.82753
86.55653 26.72651
86.70701 26.64253
86.88796 26.68552
87.05547 26.77803
87.24002 26.79453
87.43301 26.76103
87.62201 26.73703
87.80653 26.68603
87.98547 26.69253
88.16897 26.76603
88.35700 26.79253
88.54300 26.78353
88.72900 26.77403
88.91450 26.76453
89.08901 26.75102
89.29049 26.74955
89.51950 26.75354
89.73851 26.74404
89.94999 26.74654
90.15700 26.75454
90.36551 26.74854
90.56950 26.74704
90.77551 26.74554
90.98799 26.74754
91.18251 26.74803
91.35699 26.74903
91.53350 26.75453
91.76146 26.78307
92.83198 27.00058
94.40586 27.46547
95.35667 28.03635
96.25670 28.64478
96.58559 29.19026
94.63655 28.77631
91.26527 28.23514
88.64853 28.28248
86.94650 28.74687
85.57446 29.34919
84.49320 29.66500
83.85828 29.94855
81.87022 30.01322
80.00000 29.56063
109.44447 17.80499
108.83951 17.84551
107.60533 19.05733
105.91069 20.72721
105.04050 21.62992
104.32910 22.26735
103.59178 22.78200
103.18549 22.76600
103.19353 22.10800
102.94062 21.23871
102.28593 20.11743
101.65375 18.97466
100.83242 17.97885
98.37783 17.03709
96.51903 15.94450
96.46797 15.23101
96.43001 15.02250
96.46702 14.65450
96.49151 14.26450
95.77729 13.57054
95.02997 12.73150
95.01201 12.23850
94.91284 11.60602
94.61083 10.93356
94.21934 10.42456
94.12007 9.94351
94.31556 9.49351
94.20042 9.14456
94.07854 8.85251
94.30006 8.49902
94.60210 8.07954
94.61745 7.72503
94.67161 7.37105
94.69044 6.98804
94.67461 6.52803
94.94804 5.98301
95.12701 5.64701
95.33152 5.42451
95.57802 5.21501
95.82002 5.04401
96.00401 4.90050
96.23154 4.68602
96.49351 4.45051
96.67350 4.36150
96.78350 4.30300
96.90751 4.17701
97.13351 4.02351
97.39001 3.87151
97.62951 3.68901
97.81751 3.49000
97.95451 3.27500
98.12201 3.02350
98.33501 2.76801
98.58852 2.45901
98.85951 2.12451
99.12402 1.74450
99.32750 1.43300
99.46150 1.25550
99.62700 1.05600
99.86200 0.80350
100.05700 0.52050
100.12100 0.29100
100.18000 0.09800
100.22850 -0.06600
100.33450 -0.29350
100.45600 -0.52300
100.52150 -0.66400
100.64100 -0.87650
100.80100 -1.14450
101.03799 -1.47950
101.22350 -1.77350
101.41848 -2.04801
101.53500 -2.26750
101.56250 -2.37400
101.71999 -2.56300
101.89400 -2.75000
102.09399 -2.95151
102.27899 -3.20550
102.39949 -3.41550
102.55899 -3.63151
102.75249 -3.86650
103.05545 -4.17403
103.34350 -4.37850
103.50499 -4.45901
103.71548 -4.65601
104.06043 -4.98654
104.42095 -5.40602
105.23820 -5.86241
106.64924 -6.29001
108.69078 -6.74014
110.00000 5.40381
108.20462 19.99088
107.60533 19.05733
108.83951 17.84551
109.44447 17.80499
110.00000 18.78303
97.20719 19.62003
96.29207 19.02150
96.41021 18.26452
96.49754 17.18150
98.37783 17.03709
100.83242 17.97885
101.65375 18.97466
102.28593 20.11743
102.94062 21.23871
103.19353 22.10800
103.18549 22.76600
102.96067 23.14367
102.34996 23.39946
101.42462 24.28248
100.73082 24.85207
100.31051 24.47475
99.81703 23.97165
99.41919 23.46560
99.76160 22.82085
100.67342 22.07047
100.33717 21.26705
98.88896 20.35799
105.23820 -5.86241
104.82473 -6.16606
105.67312 -8.02041
106.45593 -9.43905
106.85344 -9.65506
107.26695 -9.84057
107.58945 -9.96252
108.85047 -10.00197
110.00000 -8.50290
108.69078 -6.74014
106.64924 -6.29001
102.46205 29.83371
102.25104 29.51100
102.54752 28.96927
102.88401 27.71801
103.06736 26.50755
103.15739 25.69500
103.04942 25.10952
102.94596 24.79750
102.82087 24.44003
102.72552 23.75850
102.96067 23.14367
103.59178 22.78200
104.32910 22.26735
105.04050 21.62992
105.91069 20.72721
108.20462 19.99088
110.00000 24.87632
106.34844 30.05045
94.81957 15.86167
95.50378 15.67388
96.15924 15.33514
96.46797 15.23101
96.51903 15.94450
96.49754 17.18150
96.41021 18.26452
96.29207 19.02150
96.21205 19.52250
96.10773 20.27301
96.01256 21.09450
95.97701 21.61650
95.97450 22.05650
95.96252 22.42850
95.95749 22.76300
95.97500 23.00700
95.99099 23.24550
96.05679 23.88051
96.23659 24.77355
96.67483 25.62684
97.24487 26.57723
97.55135 27.41301
96.56898 26.97272
95.49345 26.09951
95.34291 25.88703
95.12091 25.68805
94.83812 25.30808
94.63545 24.89651
94.38049 24.47014
94.14098 24.08550
94.09749 23.88550
94.05399 23.70300
94.01000 23.59500
93.97747 23.38850
93.96101 22.90650
93.94346 22.34450
93.94403 21.92200
93.99604 21.52000
94.06608 21.00400
94.22118 20.46254
94.40656 20.09251
94.55360 19.74202
94.73368 19.24403
94.92317 18.62502
94.99699 18.19500
94.76370 17.00912
98.27787 22.86471
97.60235 22.74553
96.83453 22.70639
96.22469 22.82021
95.95749 22.76300
95.96252 22.42850
95.97450 22.05650
95.97701 21.61650
96.01256 21.09450
96.10773 20.27301
96.21205 19.52250
97.20719 19.62003
98.88896 20.35799
100.33717 21.26705
100.67342 22.07047
99.76160 22.82085
98.88860 23.08689
95.92297 2.55201
95.58248 2.13901
95.57651 1.77451
95.86401 1.44850
96.12751 1.10200
96.37501 0.74250
96.60500 0.37150
96.82850 -0.00400
97.05450 -0.37850
97.27950 -0.75450
97.50649 -1.13000
97.73949 -1.50200
97.97899 -1.87050
98.21748 -2.24050
98.47298 -2.59901
98.74998 -2.94051
99.02398 -3.28451
99.28947 -3.63701
99.56047 -3.98551
99.83597 -4.33051
100.10097 -4.68501
100.38196 -5.02652
100.67346 -5.36052
100.95246 -5.70652
101.23645 -6.04952
101.51845 -6.39502
101.81445 -6.72752
102.14995 -7.01953
102.51495 -7.27754
102.88695 -7.52754
103.27796 -7.74305
103.68545 -7.93105
104.09345 -8.12105
104.49895 -8.31355
104.89544 -8.52505
105.28744 -8.74905
105.67594 -8.98005
106.06494 -9.21105
105.67312 -8.02041
104.82473 -6.16606
104.42095 -5.40602
104.06043 -4.98654
103.71548 -4.65601
103.50499 -4.45901
103.34350 -4.37850
103.05545 -4.17403
102.75249 -3.86650
102.55899 -3.63151
102.39949 -3.41550
102.27899 -3.20550
102.09399 -2.95151
101.89400 -2.75000
101.71999 -2.56300
101.56250 -2.37400
101.53500 -2.26750
101.41848 -2.04801
101.22350 -1.77350
101.03799 -1.47950
100.80100 -1.14450
100.64100 -0.87650
100.52150 -0.66400
100.45600 -0.52300
100.33450 -0.29350
100.22850 -0.06600
100.18000 0.09800
100.06800 0.22800
99.92800 0.33950
99.73600 0.51300
99.56000 0.71250
99.44350 0.97000
99.35350 1.23050
99.28800 1.43000
99.12402 1.74450
98.85951 2.12451
98.58852 2.45901
98.33501 2.76801
98.12201 3.02350
97.95451 3.27500
97.81751 3.49000
97.62951 3.68901
97.39001 3.87151
97.08046 3.77302
96.50184 3.17957
101.51845 -6.39502
101.23645 -6.04952
100.95246 -5.70652
100.67346 -5.36052
100.38196 -5.02652
100.10097 -4.68501
99.83597 -4.33051
99.56047 -3.98551
99.28947 -3.63701
99.02398 -3.28451
98.74998 -2.94051
98.47298 -2.59901
98.21748 -2.24050
97.97899 -1.87050
97.73949 -1.50200
97.50649 -1.13000
97.27950 -0.75450
97.05450 -0.37850
96.82850 -0.00400
96.60500 0.37150
96.37501 0.74250
96.12751 1.10200
95.86401 1.44850
95.57651 1.77451
95.26601 2.07701
94.75943 1.85703
94.13347 1.18751
93.44899 0.71552
92.64349 0.38251
91.83850 0.04950
91.03301 -0.28351
90.22751 -0.61652
89.62751 -0.98101
89.23302 -1.37651
88.93202 -1.92250
88.72403 -2.62000
88.27160 -3.24906
87.57411 -3.80857
86.86292 -3.90208
86.13993 -3.53007
85.38297 -3.26258
84.59097 -3.09907
83.96202 -3.12103
83.49602 -3.32903
83.02953 -3.53703
82.56303 -3.74453
82.01553 -3.93956
81.38654 -4.12206
80.72304 -4.30308
80.18701 -4.44125
80.00000 -7.24472
90.12641 -10.15497
100.45506 -9.74506
100.96033 -9.10463
101.56279 -8.33711
102.09572 -7.55406
102.14995 -7.01953
101.81445 -6.72752
100.48470 29.78535
100.82211 29.25150
100.83943 28.52350
100.80238 27.42700
100.71516 26.15402
100.76176 25.28704
101.42462 24.28248
102.34996 23.39946
102.72552 23.75850
102.82087 24.44003
102.94596 24.79750
103.04942 25.10952
103.15739 25.69500
103.06736 26.50755
102.58374 27.37998
102.23194 28.32900
102.26096 29.05350
102.25104 29.51100
102.15543 29.83352
101.13186 30.00342
102.15543 29.83352
102.46205 29.83371
102.38975 30.00036
88.64853 28.28248
91.26527 28.23514
94.63655 28.77631
95.86908 29.65827
95.31896 29.94854
90.78914 30.07438
86.24783 29.63254
86.94650 28.74687
95.31896 29.94854
95.86908 29.65827
96.58559 29.19026
97.11508 28.73376
97.49140 28.12205
97.88507 27.51778
98.60429 26.96317
99.25077 25.91665
100.02416 24.95206
100.73082 24.85207
100.76176 25.28704
100.71516 26.15402
100.80238 27.42700
100.83943 28.52350
100.82211 29.25150
100.48470 29.78535
97.70146 30.02325
97.55135 27.41301
97.24487 26.57723
96.67483 25.62684
96.23659 24.77355
96.05679 23.88051
95.99099 23.24550
95.97500 23.00700
96.22469 22.82021
96.83453 22.70639
97.60235 22.74553
98.27787 22.86471
98.88860 23.08689
99.41919 23.46560
99.81703 23.97165
100.31051 24.47475
100.02416 24.95206
99.25077 25.91665
98.60429 26.96317
97.88507 27.51778
83.85828 29.94855
84.49320 29.66500
85.57446 29.34919
86.24783 29.63254
85.04845 30.00647
99.86200 0.80350
99.62700 1.05600
99.46150 1.25550
99.32750 1.43300
99.28800 1.43000
99.35350 1.23050
99.44350 0.97000
99.56000 0.71250
99.73600 0.51300
99.92800 0.33950
100.06800 0.22800
100.12100 0.29100
100.05700 0.52050
102.88401 27.71801
102.54752 28.96927
102.26096 29.05350
102.23194 28.32900
102.58374 27.37998
