96.320000 3.400000 150 4
97.070000 26.680000 325 2
99.860000 1.580000 240 28
101.980000 -4.440000 124 3
98.680000 0.670000 131 4
101.490000 -3.100000 125 5
102.230000 -4.600000 121 7
107.640000 -8.170000 184 30
107.570000 -7.760000 98 6
107.090000 -6.570000 59 22
102.020000 -4.350000 303 4
93.020000 12.800000 164 28
93.070000 12.860000 338 3
102.890000 -4.230000 109 14
94.720000 23.090000 12 22
103.970000 -5.850000 122 18
102.810000 -5.120000 108 17
102.360000 -5.060000 117 2
84.280000 -0.910000 73 6
102.410000 -4.020000 119 10
93.690000 20.890000 117 14
101.250000 -4.080000 125 5
96.330000 5.230000 86 21
98.130000 -1.240000 326 6
98.220000 -1.210000 328 4
98.250000 -0.390000 315 4
100.960000 -1.080000 250 39
94.720000 24.500000 250 20
94.410000 7.310000 68 3
95.260000 24.900000 217 4
98.760000 -4.430000 30 33
102.320000 -6.370000 112 12
108.860000 -8.710000 281 9
103.040000 -5.710000 102 8
106.040000 -7.210000 104 6
108.250000 -7.660000 34 12
102.020000 -4.440000 126 6
97.040000 27.090000 133 12
92.610000 6.700000 354 27
100.100000 0.610000 234 32
103.170000 -5.590000 177 32
108.790000 -8.080000 39 22
101.200000 -2.790000 116 9
81.260000 29.330000 278 0
81.090000 29.600000 108 1
94.700000 15.870000 117 3
102.410000 -5.130000 124 0
103.120000 -5.370000 117 5
93.900000 22.720000 348 12
97.310000 0.150000 343 23
98.070000 2.060000 305 2
102.910000 -5.430000 115 5
102.930000 -5.420000 298 22
95.380000 24.940000 143 7
94.590000 22.960000 314 21
95.130000 22.490000 143 30
106.460000 -8.810000 107 10
92.910000 12.140000 147 13
100.590000 -1.530000 134 7
102.420000 -6.180000 120 24
97.780000 4.400000 328 28
101.920000 -4.600000 7 21
97.020000 2.480000 318 14
86.350000 18.660000 116 30
103.160000 -4.740000 109 11
103.050000 -4.740000 126 30
108.650000 -7.450000 39 15
107.190000 -8.090000 282 1
92.990000 11.690000 315 43
101.260000 -3.160000 312 18
102.990000 -6.750000 128 15
93.640000 12.950000 330 37
94.810000 5.730000 234 29
99.070000 14.950000 86 0
99.080000 14.930000 265 21
99.600000 -1.810000 105 2
103.230000 -4.730000 135 34
94.780000 5.720000 230 28
105.630000 -6.750000 276 8
87.490000 3.250000 259 19
95.200000 24.570000 321 22
103.540000 -4.660000 238 5
103.170000 -5.830000 103 24
104.030000 -6.360000 96 21
102.450000 -5.080000 124 31
103.570000 -7.130000 135 16
94.650000 24.500000 242 17
106.910000 -7.710000 106 14
105.340000 -6.630000 251 27
100.030000 -1.020000 139 6
98.920000 0.990000 223 32
98.040000 0.190000 128 4
107.970000 -7.940000 96 0
92.840000 24.600000 147 23
98.830000 1.640000 263 15
104.540000 -5.900000 291 17
105.470000 -6.620000 92 8
96.050000 26.180000 350 19
107.980000 -7.720000 278 5
95.130000 29.160000 294 14
107.100000 -6.890000 311 1
104.240000 -6.240000 115 1
99.900000 -0.850000 142 7
94.570000 22.890000 226 21
95.000000 4.400000 114 36
106.450000 -7.320000 159 32
93.510000 9.090000 243 39
98.040000 2.050000 141 18
93.360000 13.050000 1 12
96.290000 26.760000 176 28
102.700000 -4.290000 292 7
105.440000 -6.520000 137 12
102.060000 -4.610000 110 7
104.900000 -6.270000 302 14
94.440000 23.060000 270 33
105.260000 -7.910000 81 35
104.260000 -5.760000 303 37
99.120000 0.960000 171 34
102.750000 -4.500000 281 2
93.460000 11.030000 251 34
94.480000 4.660000 287 22
98.230000 -1.110000 143 1
103.380000 -4.640000 109 14
95.120000 25.140000 310 24
100.750000 -1.340000 141 28
95.160000 25.330000 325 12
107.190000 -7.740000 300 6
86.610000 26.780000 317 23
95.140000 25.310000 117 42
101.920000 -5.010000 322 24
85.540000 27.700000 112 10
99.420000 23.380000 156 39
97.160000 1.870000 120 3
102.890000 -5.520000 97 18
92.370000 24.360000 1 6
101.470000 -4.290000 306 3
101.430000 -4.220000 118 5
101.390000 -4.210000 126 2
102.990000 -5.470000 326 29
101.390000 -4.180000 106 3
87.000000 -3.880000 59 23
102.030000 -4.470000 302 6
94.580000 22.800000 230 40
96.150000 2.710000 132 16
102.760000 -5.060000 339 4
92.210000 -8.550000 19 42
102.930000 -4.430000 113 26
106.530000 -8.750000 124 23
95.280000 24.750000 276 24
96.100000 3.850000 313 0
109.070000 -8.110000 101 7
108.110000 -6.930000 118 12
95.330000 3.740000 322 21
105.320000 -6.550000 93 21
98.410000 -0.440000 103 17
102.400000 -3.960000 286 0
100.930000 -3.470000 108 1
108.860000 -8.660000 93 11
97.190000 3.730000 121 35
97.380000 3.910000 108 11
98.710000 0.590000 127 0
84.610000 -2.860000 113 30
102.360000 -3.980000 109 1
82.810000 -3.420000 100 24
103.910000 -6.010000 302 35
102.510000 -5.490000 283 28
104.860000 -6.010000 265 3
99.920000 -1.120000 139 6
93.850000 12.480000 235 16
95.420000 3.800000 123 3
102.880000 -4.240000 293 18
102.070000 -3.610000 296 21
93.090000 24.670000 304 44
103.180000 -4.920000 294 12
86.980000 9.270000 81 33
109.120000 -7.150000 329 33
103.150000 -5.770000 117 0
103.220000 -5.680000 282 9
95.240000 24.820000 315 21
104.570000 -4.300000 65 24
94.910000 24.300000 306 24
103.070000 -5.410000 117 2
103.020000 -5.500000 103 8
104.350000 -6.110000 102 38
103.010000 -5.360000 307 11
102.860000 -5.570000 122 3
101.820000 -3.070000 87 29
84.960000 -3.070000 106 10
93.620000 11.620000 179 7
106.950000 -8.110000 291 16
102.990000 -5.790000 275 15
101.960000 -4.860000 113 5
102.400000 -4.070000 291 6
99.680000 -1.620000 116 3
94.720000 6.530000 65 40
102.600000 -4.320000 260 35
96.160000 2.940000 311 1
102.900000 -5.240000 292 8
92.510000 11.790000 351 3
98.020000 1.920000 308 17
106.130000 -7.090000 273 3
98.680000 -0.560000 307 7
103.740000 -4.820000 217 26
99.810000 -2.010000 305 13
99.800000 -2.000000 308 1
99.720000 -2.060000 306 1
99.580000 -2.070000 315 10
99.540000 -1.860000 306 9
104.440000 -5.800000 299 17
109.060000 -8.000000 278 10
107.550000 -5.920000 89 16
101.470000 -3.140000 302 6
95.220000 24.720000 266 16
104.930000 -6.210000 285 4
96.270000 3.030000 304 12
97.620000 4.220000 289 28
104.600000 -5.900000 287 14
103.850000 29.090000 177 43
106.570000 -7.310000 94 11
95.870000 3.000000 308 5
105.080000 -6.400000 221 22
95.330000 25.010000 302 19
95.140000 25.260000 297 15
96.210000 2.980000 122 10
103.940000 -5.700000 269 2
106.290000 -6.980000 108 13
103.230000 -4.930000 118 4
95.940000 3.090000 310 11
101.930000 -4.540000 117 5
102.820000 -4.270000 295 6
99.680000 -2.020000 300 2
99.620000 -1.960000 297 0
96.070000 2.780000 131 7
92.640000 24.500000 128 17
107.490000 -7.940000 103 8
103.190000 -4.740000 287 0
104.100000 -6.230000 309 3
80.530000 29.840000 300 7
105.510000 -6.610000 105 6
102.140000 -3.370000 278 34
101.550000 -3.150000 308 1
99.740000 -1.870000 303 4
80.040000 23.080000 67 16
97.600000 1.070000 320 19
97.600000 1.070000 316 6
94.880000 21.820000 268 33
93.160000 23.890000 19 12
99.910000 -1.970000 303 7
102.840000 -4.450000 93 27
104.010000 -6.380000 113 7
103.190000 -4.960000 301 7
94.200000 6.880000 255 17
92.700000 22.210000 268 36
99.260000 -0.540000 126 5
99.480000 -2.230000 110 7
99.630000 -2.190000 119 2
104.060000 -6.310000 292 10
102.190000 -4.250000 279 2
103.070000 -4.690000 115 5
107.200000 -7.580000 281 9
106.950000 -7.770000 235 43
92.810000 27.770000 27 12
106.870000 -6.380000 48 40
92.510000 11.050000 339 3
102.960000 -5.160000 109 7
104.260000 -5.900000 305 5
107.860000 -7.610000 237 0
103.030000 -4.480000 295 26
101.960000 -4.760000 305 0
99.230000 -0.240000 132 0
104.720000 -6.470000 284 6
103.860000 -5.970000 302 18
104.220000 -6.190000 297 6
96.040000 3.370000 300 10
107.560000 -5.810000 83 21
102.370000 -4.140000 311 9
102.940000 -5.300000 101 22
102.660000 -4.080000 289 13
102.190000 -5.410000 329 28
106.460000 -6.320000 35 29
106.140000 -6.580000 224 4
102.090000 -6.010000 326 26
107.090000 -7.090000 70 2
97.210000 4.570000 87 2
106.610000 -8.950000 287 2
103.080000 -4.740000 203 25
109.590000 -9.190000 101 5
98.040000 2.010000 41 3
98.000000 -0.850000 318 3
102.660000 -4.910000 303 1
106.660000 -7.360000 282 9
102.010000 -4.140000 299 7
102.129 -4.405 214 5
102.690000 -5.000000 112 0
102.700000 -5.090000 123 1
97.240000 26.860000 333 28
101.900000 -4.610000 9 7
97.020000 26.590000 146 12
102.750000 -5.330000 340 6
102.760000 -5.360000 319 6
102.050000 -4.480000 163 10
101.490000 -5.540000 310 10
102.730000 -4.820000 316 20
94.690000 24.510000 254 33
101.970000 -4.630000 135 7
103.760000 -4.470000 246 7
102.370000 -4.070000 117 7
102.690000 -6.030000 119 0
102.710000 -5.200000 65 12
96.590000 1.440000 314 4
101.820000 -5.430000 129 17
107.880000 -6.650000 150 1
92.950000 10.000000 336 17
94.860000 23.870000 155 2
92.860000 9.980000 332 10
105.630000 -6.550000 108 5
92.980000 9.940000 339 13
102.600000 -4.860000 300 2
108.890000 -8.700000 286 17
101.780000 -4.020000 120 5
101.600000 -4.190000 141 3
101.750000 -4.050000 314 1
99.250000 -0.200000 186 10
102.560000 -4.680000 122 4
102.490000 -5.160000 118 6
102.760000 -4.780000 120 4
102.740000 -4.780000 130 5
102.730000 -5.090000 312 15
102.450000 -4.900000 107 15
97.680000 0.340000 315 15
102.190000 -5.360000 108 3
106.120000 -7.210000 105 3
102.630000 -4.890000 126 2
101.630000 -4.190000 138 5
102.200000 -4.380000 216 31
95.040000 24.630000 65 30
106.490000 -9.180000 159 5
101.080000 -3.630000 299 0
93.530000 12.280000 342 35
97.780000 0.410000 309 1
107.210000 -7.740000 198 20
98.540000 0.290000 151 29
94.990000 24.430000 320 26
80.210000 11.960000 62 24
81.750000 29.610000 284 2
81.750000 29.550000 295 8
101.900000 -4.760000 305 2
97.920000 1.950000 279 9
101.440000 -4.040000 112 23
102.340000 -5.630000 324 6
95.630000 3.490000 325 24
95.610000 3.510000 128 3
95.660000 3.540000 123 4
95.660000 3.530000 302 2
95.680000 3.480000 77 12
104.590000 -5.880000 109 7
101.380000 -4.120000 134 8
98.680000 -0.500000 323 4
103.130000 -4.800000 163 13
107.870000 -7.640000 93 4
102.060000 -5.820000 301 9
101.700000 -5.840000 322 37
102.560000 -2.340000 310 2
104.180000 -6.960000 117 7
103.990000 -6.980000 186 5
84.79 27.11 0 0
87.93 28.21 0 0
104.600000 -6.350000 275 3
93.430000 8.340000 264 39
105.710000 -6.750000 99 1
104.880000 -6.200000 291 2
93.070000 13.040000 353 29
93.160000 13.060000 359 28
93.170000 13.110000 356 33
101.380000 -3.250000 113 6
103.030000 -5.860000 123 8
94.420000 6.030000 263 41
96.080000 2.820000 314 5
96.390000 2.950000 336 7
104.570000 -5.650000 113 9
96.090000 3.010000 306 3
102.180000 -4.210000 46 7
104.040000 -5.650000 47 25
105.640000 -6.610000 37 10
98.600000 0.540000 130 7
97.960000 0.200000 155 2
95.240000 19.890000 152 29
103.680000 -5.510000 116 6
95.430000 4.000000 317 42
101.200000 -2.730000 117 7
103.210000 -4.680000 116 0
103.680000 -7.020000 113 10
103.690000 -7.030000 2 12
107.320000 -8.060000 58 3
108.370000 -9.530000 288 0
95.760000 2.770000 327 29
102.060000 -3.640000 123 7
93.600000 6.680000 138 40
92.310000 22.850000 346 4
92.340000 22.830000 4 1
102.120000 -5.640000 107 16
96.820000 2.080000 317 3
96.070000 2.590000 293 31
102.840000 -4.440000 308 13
103.570000 -5.630000 343 23
103.250000 -4.820000 107 9
103.770000 -6.100000 116 7
95.740000 19.810000 143 18
102.630000 -4.070000 123 1
93.250000 13.040000 22 21
106.270000 -6.960000 109 1
95.700000 19.850000 155 15
102.810000 -5.560000 280 2
102.030000 -5.800000 106 9
94.710000 4.150000 247 15
105.870000 -8.570000 129 7
100.650000 -0.470000 294 14
102.330000 -6.160000 147 5
102.220000 -6.130000 106 16
104.530000 -5.800000 121 2
101.940000 -5.110000 151 21
105.440000 -6.650000 88 24
100.540000 -1.550000 129 8
93.220000 13.110000 14 8
102.720000 -5.210000 309 11
102.200000 -4.280000 127 6
93.190000 13.090000 20 12
106.180000 -6.940000 110 25
97.820000 0.410000 130 3
102.650000 -5.230000 127 9
97.220000 27.100000 147 12
103.910000 -6.160000 296 5
97.380000 1.290000 311 31
102.850000 -4.340000 304 20
95.670000 -6.240000 56 40
109.790000 -8.290000 10 14
98.730000 0.110000 107 20
107.960000 -7.750000 97 3
97.910000 0.190000 133 0
94.300000 24.300000 272 38
103.100000 -4.890000 117 18
101.920000 -4.890000 127 4
103.210000 -4.910000 121 5
102.870000 -6.960000 116 7
97.930000 1.980000 133 11
99.340000 -2.070000 127 0
100.620000 -3.090000 159 18
92.540000 24.760000 293 35
95.780000 3.300000 130 3
92.960000 6.910000 143 14
92.380000 8.880000 340 5
93.740000 8.860000 73 16
94.470000 2.780000 313 4
94.090000 3.650000 143 39
94.160000 2.790000 119 25
94.470000 5.480000 321 1
94.890000 3.350000 301 8
92.580000 6.760000 156 14
93.480000 7.940000 333 38
94.510000 2.710000 311 4
94.610000 5.520000 315 1
93.280000 6.480000 126 40
94.650000 5.350000 134 3
92.640000 7.710000 125 20
95.110000 4.720000 312 1
94.630000 2.750000 326 7
95.610000 2.930000 324 11
93.870000 3.350000 151 23
92.650000 8.740000 345 8
92.810000 6.820000 276 5
92.350000 10.550000 162 5
95.210000 4.730000 313 4
93.000000 6.700000 149 35
93.760000 3.370000 150 6
93.000000 6.720000 323 15
93.160000 8.380000 348 8
93.140000 9.360000 212 22
94.900000 5.140000 138 8
95.570000 2.800000 323 8
93.880000 3.110000 331 3
94.660000 5.450000 142 5
94.280000 5.530000 136 4
94.400000 5.770000 328 6
94.300000 5.530000 137 6
92.510000 12.240000 161 10
94.390000 2.700000 133 20
94.540000 5.290000 140 5
94.490000 5.350000 126 15
92.530000 7.120000 330 11
95.190000 4.320000 307 2
93.280000 5.900000 211 15
94.830000 5.030000 136 4
92.910000 6.200000 133 30
95.270000 3.170000 296 7
94.860000 5.110000 132 2
95.140000 4.730000 137 0
95.620000 2.910000 319 5
94.400000 5.470000 135 9
94.810000 4.930000 355 10
93.220000 8.110000 344 4
92.700000 7.140000 337 26
92.760000 7.190000 331 16
96.490000 3.180000 313 15
95.460000 3.240000 289 11
94.460000 5.390000 139 11
92.790000 6.360000 341 2
94.340000 5.350000 150 14
92.220000 10.580000 164 2
92.360000 10.670000 170 6
93.070000 6.500000 295 38
94.790000 4.920000 318 1
94.600000 5.120000 340 6
91.730000 10.560000 173 2
93.650000 3.530000 328 10
93.030000 6.720000 321 10
94.760000 5.590000 138 7
94.390000 5.490000 142 2
94.830000 5.320000 136 6
91.910000 10.630000 158 20
94.780000 4.870000 175 7
92.400000 7.590000 334 12
95.110000 4.930000 313 1
92.280000 10.530000 149 3
95.440000 2.900000 115 11
94.790000 5.060000 133 2
94.620000 5.550000 137 4
94.740000 5.120000 151 3
94.380000 5.620000 149 21
93.250000 8.860000 9 24
95.200000 4.800000 312 5
93.920000 3.130000 315 9
105.240000 -6.460000 119 0
95.920000 3.870000 312 9
92.020000 10.620000 168 25
94.700000 22.970000 327 24
97.200000 1.220000 120 11
94.140000 3.630000 146 31
94.090000 3.600000 160 34
94.160000 3.580000 152 15
94.390000 2.600000 307 23
94.810000 4.750000 323 4
94.670000 5.450000 133 1
94.600000 2.700000 315 9
94.330000 5.340000 162 1
91.780000 10.780000 188 13
94.310000 5.510000 137 4
94.710000 5.070000 318 6
93.000000 13.100000 155 30
93.700000 3.330000 329 4
93.750000 3.320000 157 27
94.320000 5.510000 135 1
94.560000 5.180000 128 7
94.230000 2.800000 130 1
94.500000 5.270000 140 5
92.840000 6.830000 136 19
95.750000 2.720000 314 35
94.990000 2.260000 295 2
93.580000 13.850000 155 26
95.800000 19.820000 156 25
95.160000 2.280000 290 29
92.620000 6.800000 349 11
95.120000 4.800000 312 1
94.790000 5.080000 133 5
94.800000 5.070000 134 5
98.730000 -0.130000 260 36
95.160000 4.700000 312 5
94.420000 5.450000 135 5
101.610000 -5.640000 119 10
94.330000 5.230000 155 9
92.210000 11.400000 189 31
93.750000 3.260000 325 11
91.770000 10.830000 3 10
95.460000 2.880000 304 6
95.730000 2.890000 320 10
94.260000 2.740000 311 11
95.590000 2.910000 318 3
101.540000 -5.610000 142 1
91.830000 9.310000 348 21
93.060000 9.400000 171 8
94.690000 5.480000 313 3
92.970000 11.550000 211 19
94.600000 5.490000 138 8
93.150000 9.440000 174 6
94.430000 5.440000 135 13
102.750000 -5.640000 124 2
95.090000 4.860000 133 0
95.670000 4.000000 316 8
92.570000 12.310000 177 8
94.370000 5.490000 141 3
97.110000 2.090000 125 4
96.580000 2.650000 114 3
97.260000 1.080000 300 3
97.760000 1.800000 322 1
97.330000 2.350000 300 15
97.320000 1.070000 121 13
97.100000 1.770000 308 1
96.940000 1.890000 310 9
97.720000 0.180000 83 40
97.240000 2.530000 308 1
95.410000 2.990000 316 4
95.420000 2.930000 316 3
97.170000 1.250000 124 16
94.370000 5.440000 168 0
97.160000 1.230000 161 7
96.720000 2.110000 121 2
97.070000 1.860000 311 13
97.190000 1.310000 135 4
97.120000 1.700000 130 2
94.580000 5.110000 342 6
97.210000 1.320000 138 4
97.740000 0.350000 114 8
97.090000 1.360000 156 10
96.370000 2.290000 135 4
96.690000 2.170000 311 6
97.090000 2.700000 317 3
97.240000 1.130000 315 8
99.840000 -1.730000 155 8
98.320000 0.370000 130 4
97.940000 2.020000 130 8
97.140000 1.170000 143 3
96.280000 2.970000 28 1
96.750000 2.090000 306 0
97.410000 1.030000 172 10
97.870000 1.610000 136 4
97.150000 1.280000 131 19
97.860000 1.970000 112 38
94.330000 5.260000 129 1
96.330000 2.190000 183 3
102.420000 -3.980000 125 17
96.770000 2.070000 121 7
97.240000 1.200000 134 11
97.440000 0.560000 276 12
97.160000 1.350000 328 6
97.200000 1.310000 136 1
99.420000 -1.570000 301 20
97.160000 1.400000 139 4
97.270000 1.100000 153 14
92.230000 10.570000 182 11
99.610000 -1.640000 143 1
99.780000 -1.710000 102 11
99.720000 -1.710000 149 1
99.640000 -1.630000 111 6
99.930000 -1.780000 112 22
99.640000 -1.620000 310 14
99.620000 -1.650000 155 21
99.780000 -1.830000 103 33
99.720000 -1.590000 297 3
99.800000 -1.700000 101 3
99.800000 -1.640000 128 29
99.790000 -1.750000 285 14
99.560000 -1.540000 329 1
103.790000 -6.230000 106 12
99.660000 -1.690000 136 31
96.760000 2.170000 316 3
96.830000 2.080000 312 0
99.730000 -1.730000 338 15
99.690000 -1.740000 129 12
99.850000 -1.760000 157 28
99.450000 -1.590000 309 3
99.800000 -1.760000 153 30
99.850000 -1.710000 157 20
93.700000 3.370000 145 14
99.880000 -1.710000 118 27
99.950000 -1.910000 126 5
104.750000 -6.080000 296 9
96.330000 2.930000 10 0
97.110000 1.100000 332 7
97.660000 1.810000 127 12
99.560000 -1.620000 269 26
99.620000 -1.630000 145 3
97.490000 0.930000 141 3
96.300000 2.360000 123 5
95.990000 2.750000 308 3
96.310000 2.370000 118 12
97.250000 1.080000 317 5
94.070000 3.030000 340 11
97.020000 2.290000 317 22
97.170000 1.360000 132 4
93.170000 4.290000 338 17
96.800000 2.130000 315 4
97.130000 1.970000 134 1
99.300000 -1.660000 150 8
99.860000 -1.620000 108 23
97.090000 1.300000 322 10
95.880000 2.460000 307 2
94.270000 5.230000 156 1
94.840000 5.100000 135 2
103.140000 -6.230000 117 11
97.320000 1.200000 131 1
97.230000 1.240000 318 2
97.000000 2.600000 169 7
94.470000 5.060000 168 0
96.270000 2.420000 119 8
98.460000 0.590000 329 1
98.570000 0.350000 164 8
93.510000 3.740000 162 17
97.930000 0.220000 4 3
97.040000 1.990000 315 3
97.920000 1.960000 332 0
97.170000 1.400000 116 37
94.800000 5.280000 137 4
97.450000 0.800000 137 4
94.530000 2.650000 124 7
95.600000 2.910000 322 14
97.180000 1.350000 311 5
96.670000 2.040000 159 12
94.430000 5.240000 7 7
94.650000 5.460000 149 7
94.630000 28.880000 273 5
97.150000 1.460000 137 4
96.720000 2.170000 313 2
97.090000 1.810000 129 0
97.510000 1.010000 131 3
94.170000 2.740000 316 4
94.750000 5.620000 139 10
96.800000 2.140000 315 7
97.250000 1.170000 139 1
96.350000 2.300000 309 11
94.750000 4.950000 128 5
92.620000 6.610000 347 6
107.460000 -7.850000 101 8
95.150000 4.810000 313 7
93.270000 4.180000 334 11
97.140000 1.280000 129 17
97.250000 1.100000 328 1
93.610000 13.850000 155 28
97.080000 1.820000 132 2
95.060000 2.260000 150 33
103.550000 -5.920000 111 9
93.420000 3.960000 339 1
94.390000 2.630000 114 36
97.110000 1.330000 112 18
97.230000 1.270000 135 1
92.900000 10.350000 165 10
94.990000 21.010000 273 21
94.590000 2.590000 146 10
94.420000 5.460000 339 1
94.800000 5.110000 141 10
99.630000 -1.490000 173 19
96.840000 1.180000 320 3
96.020000 2.640000 123 0
93.690000 3.220000 321 11
93.770000 3.290000 331 2
97.420000 1.090000 139 6
94.480000 5.180000 135 12
97.760000 0.350000 309 6
97.820000 0.380000 124 13
97.150000 1.220000 126 39
94.260000 5.250000 140 4
92.670000 6.720000 346 1
94.020000 3.020000 141 13
97.210000 1.370000 137 2
94.570000 5.440000 313 4
96.690000 2.160000 150 6
94.580000 5.550000 132 6
97.140000 1.470000 135 2
92.250000 11.040000 357 7
97.740000 0.320000 316 2
99.620000 -1.660000 114 29
94.790000 5.070000 134 8
102.700000 -3.800000 212 29
95.140000 4.750000 119 34
94.690000 5.500000 313 13
97.400000 0.630000 304 36
95.040000 4.860000 130 1
96.310000 2.430000 313 13
94.780000 24.560000 308 40
97.170000 1.340000 124 33
95.970000 3.980000 95 24
103.880000 -5.950000 117 4
97.240000 1.110000 138 3
94.390000 5.540000 129 8
107.030000 -7.890000 108 10
94.280000 5.560000 139 5
97.870000 1.980000 128 5
92.300000 10.890000 171 4
95.100000 4.820000 311 0
97.950000 2.030000 131 4
99.530000 -1.460000 309 1
95.830000 2.740000 120 10
99.540000 -1.790000 111 5
96.360000 2.310000 313 17
96.210000 2.360000 110 29
97.130000 1.690000 118 27
84.860000 28.390000 295 5
97.270000 1.230000 136 2
95.470000 2.820000 126 3
96.790000 2.160000 317 3
103.510000 -4.000000 100 25
96.940000 0.730000 106 22
97.270000 1.160000 136 5
97.240000 1.140000 127 1
93.820000 3.090000 318 10
97.160000 1.060000 347 29
96.280000 2.390000 118 24
97.200000 1.360000 316 0
97.330000 0.150000 169 17
94.520000 5.120000 314 6
95.920000 2.840000 314 5
95.140000 4.740000 309 9
97.900000 0.120000 130 2
97.860000 0.040000 136 0
97.530000 0.980000 131 13
94.750000 4.870000 137 7
93.270000 13.030000 187 6
96.070000 2.700000 312 7
93.000000 4.920000 334 19
86.380000 27.250000 98 0
92.410000 11.900000 175 0
96.450000 2.220000 304 1
97.100000 1.610000 128 9
97.220000 1.060000 137 4
95.450000 2.860000 309 10
96.250000 2.410000 311 3
88.390000 27.380000 74 16
94.440000 5.350000 125 15
81.340000 -7.670000 57 18
105.980000 -8.670000 301 5
106.040000 -8.660000 117 6
94.690000 5.610000 136 8
95.900000 2.670000 344 1
101.440000 -4.550000 124 17
101.410000 -4.570000 162 15
107.760000 -7.760000 24 41
97.080000 1.660000 118 16
93.640000 13.880000 166 22
106.720000 -7.370000 104 7
94.780000 5.070000 131 7
96.050000 4.130000 340 27
93.970000 2.940000 155 0
95.680000 2.720000 315 24
94.930000 2.270000 193 14
96.390000 2.410000 304 4
93.070000 4.750000 158 4
100.010000 -0.630000 175 40
93.220000 9.410000 162 22
97.000000 1.990000 317 3
102.360000 -4.840000 119 8
97.160000 1.300000 126 10
94.320000 23.310000 187 8
94.440000 5.510000 139 1
92.460000 6.980000 155 1
94.570000 5.510000 139 11
94.370000 2.650000 307 15
97.130000 1.420000 311 9
92.450000 6.940000 336 7
102.150000 -4.750000 217 40
92.790000 6.500000 346 2
93.600000 3.720000 330 17
107.410000 -9.250000 98 2
105.390000 -6.530000 110 14
97.150000 1.710000 131 2
97.180000 1.460000 132 1
96.350000 2.400000 313 3
94.660000 5.520000 133 4
95.100000 4.720000 319 26
104.150000 28.010000 27 32
107.940000 -9.160000 302 8
94.780000 5.120000 130 11
97.470000 1.070000 121 17
93.120000 9.450000 178 6
97.250000 1.320000 113 28
95.010000 4.940000 312 6
97.430000 1.110000 138 5
97.360000 1.040000 129 1
92.330000 24.540000 266 40
94.780000 4.750000 140 0
94.770000 4.740000 148 2
99.090000 3.400000 191 9
94.750000 5.080000 135 2
95.020000 4.820000 131 1
92.360000 10.650000 165 1
94.350000 5.450000 136 7
101.410000 -5.440000 97 23
97.960000 0.250000 136 3
92.440000 8.080000 338 13
101.450000 -5.490000 123 8
95.810000 2.820000 310 4
97.110000 1.730000 115 23
107.190000 -7.820000 216 28
97.320000 0.450000 116 17
94.260000 5.210000 139 5
97.230000 0.640000 98 14
97.370000 1.070000 139 2
102.980000 -4.390000 306 12
96.340000 3.780000 203 33
97.910000 1.960000 131 11
102.950000 -4.430000 122 15
95.700000 2.920000 317 3
94.640000 5.360000 134 2
94.620000 5.510000 137 11
99.870000 -2.330000 128 2
97.250000 1.250000 131 1
96.030000 4.110000 301 13
96.750000 2.010000 307 17
96.150000 2.670000 306 4
94.580000 5.420000 134 1
103.220000 -7.350000 119 7
104.540000 -5.950000 298 11
97.460000 5.000000 288 6
98.000000 2.270000 355 17
92.520000 7.160000 329 8
95.610000 19.310000 134 8
95.610000 19.240000 316 3
107.680000 -5.930000 88 27
107.419 -5.859 87 24
99.320000 1.800000 221 31
97.750000 0.290000 131 1
97.800000 0.340000 123 3
101.370000 -4.440000 123 3
100.840000 -2.620000 126 4
99.670000 -1.690000 295 6
99.630000 -2.130000 132 0
101.270000 -4.300000 104 17
101.530000 -3.160000 127 9
99.950000 -2.230000 132 2
101.830000 -3.780000 127 9
100.120000 -2.150000 121 3
101.170000 -4.070000 122 5
101.200000 -4.230000 119 8
101.220000 -4.230000 115 15
101.190000 -2.790000 127 7
101.240000 -2.800000 303 15
99.720000 -1.760000 136 11
101.110000 -2.760000 131 7
101.170000 -2.720000 130 7
101.200000 -2.830000 117 14
100.770000 -3.640000 124 4
101.350000 -3.260000 130 8
100.890000 -2.750000 129 10
101.230000 -4.300000 151 17
100.140000 -2.000000 124 3
99.940000 -2.000000 124 8
99.930000 -2.130000 129 2
100.850000 -3.680000 118 5
100.830000 -3.610000 131 15
100.380000 -3.160000 127 4
101.460000 -4.390000 121 7
100.460000 -1.770000 126 8
99.490000 -1.790000 124 2
95.540000 2.920000 314 5
95.520000 2.900000 321 4
101.220000 -4.240000 120 9
99.480000 -1.740000 124 0
100.980000 -3.900000 129 6
100.530000 -3.250000 135 0
101.680000 -3.410000 125 17
100.480000 -3.210000 129 7
100.800000 -3.590000 126 4
100.900000 -3.580000 122 8
99.900000 -2.000000 127 4
101.020000 -3.900000 124 3
100.790000 -3.540000 128 6
101.280000 -2.990000 128 4
100.540000 -3.270000 121 5
100.690000 -0.880000 200 39
96.360000 3.060000 119 10
95.060000 4.740000 131 1
101.160000 -2.810000 129 7
101.140000 -2.860000 127 7
97.880000 1.980000 131 12
101.360000 -4.620000 127 1
105.990000 -7.070000 190 35
94.570000 23.500000 292 20
96.800000 2.090000 320 4
101.030000 -2.780000 131 5
94.680000 5.480000 130 8
92.330000 22.760000 162 8
92.870000 10.410000 163 4
97.440000 1.010000 140 4
97.160000 1.340000 319 8
101.220000 -2.830000 306 2
97.270000 1.030000 136 5
101.210000 -3.010000 131 9
100.930000 -3.290000 123 8
99.950000 -2.430000 127 0
95.960000 2.770000 309 2
99.880000 -2.320000 127 2
99.960000 -2.510000 123 3
101.990000 -3.740000 123 5
99.950000 -2.340000 303 1
99.930000 -2.400000 125 2
99.970000 -2.490000 124 1
99.890000 -2.330000 126 1
99.810000 -2.240000 124 2
101.060000 -3.860000 116 11
93.480000 3.930000 157 5
99.820000 -2.180000 120 7
94.820000 5.080000 130 5
99.790000 -2.230000 135 3
100.810000 -3.760000 114 8
94.590000 2.700000 316 7
101.100000 -2.900000 131 11
95.300000 2.860000 315 3
102.720000 -4.350000 122 9
101.410000 -3.270000 129 4
107.880000 -7.780000 102 14
101.320000 -3.020000 126 9
94.700000 5.510000 123 10
95.090000 4.680000 309 6
101.390000 -3.180000 128 7
101.470000 -3.180000 127 10
102.460000 -4.190000 115 3
101.270000 -4.130000 121 5
101.100000 -4.450000 126 3
97.760000 0.350000 128 3
99.970000 -2.080000 126 8
97.480000 0.820000 310 6
92.700000 6.790000 339 2
101.430000 -3.180000 134 5
97.160000 1.320000 123 6
97.190000 1.340000 132 2
95.330000 25.970000 281 30
96.550000 2.230000 309 5
91.660000 11.610000 10 11
93.580000 13.860000 158 24
101.080000 -3.940000 124 3
100.990000 -3.910000 136 4
103.060000 -3.930000 279 25
96.320000 2.510000 308 1
102.220000 -5.210000 107 11
81.680000 -3.330000 235 38
97.250000 1.140000 132 5
101.260000 -4.350000 122 10
101.750000 -4.740000 120 5
100.750000 -3.650000 125 3
101.040000 -2.830000 130 9
103.510000 -6.070000 126 4
95.040000 4.830000 130 1
101.220000 -4.300000 123 9
101.300000 -4.330000 124 4
94.170000 6.450000 245 40
100.720000 -3.530000 122 13
98.180000 -0.350000 121 11
98.270000 -0.260000 128 9
98.550000 0.480000 128 7
97.180000 1.440000 133 5
95.050000 4.670000 301 2
94.310000 5.260000 140 12
100.630000 -3.510000 125 4
94.440000 6.260000 266 8
97.290000 1.180000 316 0
100.410000 -3.090000 126 3
100.470000 -3.120000 125 3
100.320000 -3.330000 130 2
99.090000 2.800000 314 36
101.140000 -5.440000 106 41
102.900000 -4.890000 136 2
103.050000 -4.990000 121 5
102.300000 -2.580000 217 40
102.910000 -4.800000 123 9
101.700000 -5.500000 117 35
101.580000 -5.520000 106 22
108.740000 -8.800000 97 3
94.790000 24.320000 260 32
99.490000 -1.480000 339 1
99.430000 -1.450000 163 2
99.270000 -1.530000 165 14
99.550000 -1.380000 176 10
99.420000 -1.450000 160 21
97.950000 -0.910000 131 1
99.370000 -1.370000 315 7
99.480000 -1.420000 175 3
99.570000 -1.650000 325 5
94.660000 5.470000 154 13
95.100000 25.280000 305 42
99.470000 -1.360000 106 1
107.300000 -7.780000 214 19
94.680000 24.330000 272 39
104.790000 -6.290000 300 16
94.320000 5.260000 342 21
102.670000 -4.500000 143 1
91.440000 27.330000 97 0
94.790000 20.400000 315 33
99.870000 -0.720000 220 36
105.220000 -6.530000 111 9
91.420000 27.260000 96 2
102.980000 -5.000000 123 17
103.120000 -4.730000 122 8
95.910000 2.770000 313 5
91.820000 22.000000 162 3
99.390000 -1.430000 155 9
94.810000 24.360000 259 31
102.690000 -4.260000 139 14
99.090000 -0.320000 116 6
100.910000 -2.880000 128 22
94.290000 2.780000 128 6
105.930000 -7.280000 136 7
94.710000 23.200000 248 16
100.980000 -3.760000 125 4
94.620000 23.060000 236 24
97.200000 1.340000 134 6
83.730000 -2.720000 251 4
102.830000 -4.640000 128 20
100.140000 -2.150000 125 8
97.050000 2.380000 309 0
101.100000 -4.050000 125 4
101.000000 -3.880000 128 15
96.020000 3.750000 310 0
95.850000 3.500000 129 1
107.220000 -7.840000 7 28
100.970000 -3.860000 130 4
93.450000 11.120000 265 35
108.280000 -9.560000 296 1
93.090000 13.200000 141 18
101.340000 -4.490000 125 7
97.190000 1.240000 146 7
92.250000 10.230000 348 1
80.400000 29.840000 91 19
97.140000 1.390000 140 3
104.620000 -6.500000 111 3
103.960000 -6.350000 296 4
107.060000 -7.490000 104 9
96.720000 2.220000 131 3
103.580000 -4.120000 80 32
103.460000 -6.910000 112 14
96.950000 1.950000 307 1
94.740000 5.000000 133 7
94.740000 5.050000 130 7
95.390000 3.660000 343 7
94.340000 6.630000 250 30
100.080000 -3.490000 130 1
100.380000 -2.950000 130 6
100.460000 -3.290000 125 2
99.890000 -2.340000 124 7
104.060000 -6.340000 120 5
99.420000 -1.740000 122 4
107.210000 -7.860000 192 9
106.930000 -8.020000 103 15
100.180000 -3.770000 295 11
104.010000 -6.260000 306 3
96.000000 3.880000 325 11
94.670000 5.420000 131 7
95.890000 2.710000 313 0
95.960000 3.950000 121 0
101.430000 -4.460000 129 1
100.000000 -2.650000 307 6
105.080000 -6.960000 110 21
96.290000 2.490000 314 2
96.290000 2.400000 322 5
100.540000 -3.610000 302 5
102.650000 -5.030000 125 2
96.400000 2.630000 312 1
95.520000 2.890000 128 0
95.520000 2.900000 320 3
102.140000 -4.250000 130 9
96.830000 2.200000 317 4
96.760000 1.990000 315 13
94.680000 24.640000 297 39
98.820000 0.810000 5 5
97.890000 1.900000 134 10
97.450000 0.830000 333 4
80.760000 29.690000 104 18
106.220000 -6.930000 123 12
97.100000 1.620000 136 5
108.520000 -8.040000 172 20
100.630000 -3.530000 321 1
101.850000 -4.890000 310 1
103.480000 -5.710000 124 6
101.360000 -3.250000 129 4
98.720000 25.080000 277 6
101.890000 -5.040000 128 1
97.170000 1.420000 142 2
106.460000 -7.200000 311 1
101.100000 -2.830000 130 6
101.090000 -2.910000 129 6
102.400000 -4.250000 119 13
94.950000 4.740000 305 1
104.050000 -6.280000 302 1
96.350000 2.480000 123 2
103.710000 -6.140000 302 3
103.050000 -4.070000 42 16
99.940000 -2.460000 309 2
101.350000 -3.250000 127 6
95.240000 24.950000 303 21
99.450000 -2.220000 320 6
99.450000 -2.270000 322 1
97.870000 0.170000 134 4
102.180000 -4.320000 130 5
104.340000 -5.840000 292 0
99.070000 -0.940000 102 9
96.270000 2.400000 311 5
96.680000 2.070000 322 8
102.200000 -3.680000 324 13
94.400000 4.990000 166 3
102.710000 -4.320000 124 3
95.110000 4.620000 308 10
94.570000 5.410000 133 5
100.430000 -3.350000 139 1
93.790000 3.310000 320 12
92.140000 0.240000 56 13
105.460000 -6.810000 137 4
94.080000 2.840000 138 32
93.820000 3.250000 321 18
93.850000 3.260000 330 16
93.820000 3.270000 148 5
93.350000 2.150000 256 33
93.720000 3.270000 312 22
94.460000 2.700000 311 15
100.440000 -3.340000 315 0
94.510000 2.700000 316 17
105.420000 -8.350000 316 5
94.470000 2.640000 126 16
100.150000 -2.820000 121 14
106.370000 -7.690000 288 9
94.670000 5.480000 129 8
105.490000 -5.680000 147 37
100.990000 -2.920000 131 7
103.190000 -4.930000 123 2
100.590000 -3.640000 307 16
109.100000 -7.980000 96 0
102.790000 -4.380000 107 17
96.040000 2.710000 314 7
104.420000 -6.000000 293 10
100.470000 -1.760000 132 1
96.960000 1.900000 316 9
94.750000 5.060000 129 6
103.000000 -4.750000 124 10
82.690000 28.470000 116 4
103.990000 27.580000 32 40
100.590000 -3.320000 130 2
103.740000 -6.170000 311 4
89.700000 2.610000 212 31
101.920000 -2.920000 230 28
92.820000 26.880000 121 35
97.670000 -0.430000 328 11
98.380000 0.880000 168 1
107.530000 -6.760000 73 1
97.460000 0.890000 328 3
106.670000 -7.370000 90 3
102.830000 -4.530000 128 6
93.640000 13.850000 149 25
94.780000 22.440000 264 34
95.050000 25.330000 306 15
95.100000 4.720000 130 2
101.300000 -2.990000 131 5
94.980000 4.570000 314 3
104.380000 -6.550000 292 3
107.290000 -7.000000 297 35
92.220000 24.680000 101 30
95.830000 2.710000 123 1
95.650000 19.220000 323 7
102.530000 -4.150000 127 7
95.750000 19.250000 321 10
98.640000 0.220000 140 10
106.070000 -7.090000 116 14
95.620000 19.260000 140 12
95.150000 28.890000 300 0
104.960000 28.380000 360 16
95.920000 3.890000 130 1
107.910000 -9.160000 304 4
107.440000 -9.330000 285 7
102.380000 -4.940000 139 4
82.280000 28.660000 110 2
100.560000 -3.270000 128 7
100.460000 -3.360000 131 0
97.970000 5.380000 89 27
94.430000 22.040000 323 35
94.730000 23.940000 279 27
100.400000 -3.290000 316 4
94.380000 5.360000 134 8
103.040000 -4.740000 300 27
91.750000 1.250000 238 43
88.400000 27.290000 97 19
103.090000 -5.800000 121 1
95.860000 3.960000 308 7
107.800000 -8.110000 92 2
94.460000 5.390000 136 17
107.930000 -7.870000 97 6
98.560000 0.260000 354 12
96.830000 2.040000 318 6
96.680000 2.030000 319 7
91.510000 1.350000 84 9
102.850000 -4.920000 297 5
109.260000 -8.230000 280 42
109.290000 -8.050000 283 39
97.260000 1.210000 320 0
97.140000 1.190000 344 8
94.260000 7.300000 71 31
103.810000 -4.560000 52 22
100.430000 -3.990000 138 1
102.280000 -5.240000 325 2
103.620000 28.170000 35 30
97.970000 1.960000 133 13
97.880000 1.870000 130 1
109.120000 -8.490000 68 14
92.760000 4.250000 48 3
93.860000 3.150000 316 2
102.640000 -6.950000 306 2
104.120000 -6.340000 116 4
108.050000 -7.760000 98 3
96.940000 1.930000 317 5
94.650000 5.400000 137 5
94.450000 6.040000 267 32
97.260000 1.150000 142 1
97.240000 1.130000 321 5
104.620000 -6.220000 296 7
93.870000 12.870000 292 24
97.220000 1.050000 330 8
93.440000 3.950000 342 12
107.170000 -6.500000 74 35
103.950000 -6.020000 233 23
95.070000 4.780000 292 5
105.990000 -7.180000 111 16
97.920000 1.650000 347 1
100.140000 -3.830000 314 5
95.770000 2.720000 302 10
86.370000 27.740000 291 19
102.180000 -6.130000 319 10
103.200000 29.350000 159 1
102.790000 -4.760000 236 33
95.190000 25.020000 290 40
97.240000 1.340000 141 1
104.890000 28.350000 26 7
98.720000 -0.780000 131 1
96.790000 2.000000 303 9
93.380000 9.890000 228 35
102.660000 -4.460000 322 1
105.330000 -6.710000 92 35
102.480000 -5.680000 123 0
82.390000 28.900000 136 17
84.710000 28.150000 101 1
84.820000 28.220000 90 15
86.020000 27.770000 102 2
85.810000 27.770000 103 11
86.070000 27.810000 100 5
86.160000 27.620000 95 12
86.070000 27.560000 101 25
93.580000 14.010000 169 16
94.740000 4.990000 140 10
96.230000 19.080000 324 17
94.720000 5.060000 131 7
108.920000 -8.250000 47 40
95.120000 4.680000 310 10
107.220000 -8.040000 207 3
103.710000 -6.030000 302 1
103.640000 -6.080000 123 0
107.400000 -8.050000 309 1
100.300000 27.550000 14 9
98.040000 0.580000 95 30
94.860000 22.450000 138 28
106.020000 -6.950000 214 10
102.970000 -4.960000 124 10
81.650000 29.400000 111 15
107.020000 -8.370000 106 7
96.690000 2.070000 327 3
107.390000 -8.200000 103 5
102.190000 -4.170000 125 13
94.860000 23.100000 281 20
100.490000 -3.620000 130 4
96.210000 2.350000 302 18
104.630000 -5.030000 71 27
107.560000 -8.070000 108 22
101.270000 -3.330000 130 7
99.410000 -2.190000 316 2
97.410000 0.980000 323 0
102.300000 -4.510000 218 42
94.570000 21.510000 281 35
96.750000 2.010000 298 19
94.930000 21.310000 238 26
104.160000 -5.960000 301 14
94.700000 23.900000 281 37
94.570000 20.920000 344 1
100.180000 -2.910000 126 6
98.610000 0.550000 134 1
101.770000 -4.910000 319 3
102.750000 -4.430000 126 0
86.530000 27.800000 104 9
80.630000 29.980000 115 10
96.690000 3.490000 280 8
96.210000 5.300000 204 24
94.610000 5.410000 129 7
105.730000 29.470000 51 25
108.800000 -8.750000 99 1
100.350000 -1.720000 130 8
102.720000 -5.270000 125 3
94.560000 5.420000 135 10
104.830000 28.180000 27 27
107.390000 -7.520000 278 9
96.070000 5.300000 88 1
96.150000 5.250000 244 10
102.020000 -4.210000 130 10
102.190000 -6.260000 306 3
95.860000 3.640000 332 11
104.370000 -6.040000 299 30
99.630000 -2.160000 317 2
108.020000 -7.740000 98 4
105.980000 -7.410000 114 6
98.980000 2.750000 341 8
101.380000 -5.660000 317 0
102.240000 -2.670000 233 41
108.990000 -8.160000 272 3
101.620000 -3.770000 133 5
99.890000 -2.300000 313 5
99.690000 -1.160000 320 2
104.960000 -6.040000 238 19
93.110000 9.280000 337 33
93.160000 10.240000 300 11
102.100000 -3.370000 220 24
95.790000 -7.360000 260 42
104.610000 -6.510000 297 6
94.980000 29.830000 135 7
96.980000 1.370000 138 2
102.950000 -5.030000 121 7
106.820000 -7.880000 310 10
101.040000 -2.810000 132 8
94.900000 24.740000 24 5
96.070000 18.370000 333 16
93.160000 12.350000 265 41
96.150000 18.390000 346 8
105.940000 -7.410000 115 17
102.850000 -4.540000 302 2
103.890000 -6.530000 305 18
105.530000 -6.980000 292 4
96.160000 18.320000 332 9
96.140000 18.360000 327 13
104.910000 -6.340000 313 3
93.580000 7.550000 352 0
95.060000 4.570000 308 14
93.430000 9.520000 284 27
97.100000 1.390000 323 1
96.990000 27.180000 118 18
95.100000 24.600000 285 30
98.590000 -2.020000 319 1
98.690000 -1.950000 318 0
98.670000 -1.930000 313 7
98.640000 -1.930000 319 3
96.070000 18.270000 152 5
103.390000 -5.790000 309 19
99.840000 -1.690000 95 18
99.430000 -2.350000 311 4
99.470000 -2.290000 326 4
98.320000 0.630000 92 23
96.890000 0.820000 338 5
97.820000 4.560000 331 7
95.900000 3.880000 312 4
106.030000 -6.180000 212 35
101.820000 -3.760000 131 7
94.740000 4.990000 136 9
96.920000 27.200000 107 32
100.930000 -2.970000 118 9
101.520000 -3.530000 125 9
98.750000 -1.550000 123 3
94.560000 5.380000 133 7
99.680000 -2.450000 317 8
104.920000 28.190000 27 28
106.570000 -7.880000 104 7
101.280000 -3.390000 129 5
104.190000 -6.840000 302 4
100.010000 -2.830000 134 1
100.070000 -2.850000 132 2
100.130000 -2.880000 127 3
100.100000 -2.970000 316 3
98.040000 -0.430000 132 5
96.360000 27.330000 147 27
104.610000 29.470000 16 9
99.890000 -2.050000 311 0
97.830000 1.920000 129 6
98.780000 1.120000 207 36
94.560000 28.410000 277 9
102.140000 -4.270000 354 37
102.030000 -5.400000 303 4
97.720000 0.380000 134 1
97.740000 0.340000 124 0
108.950000 -8.200000 292 3
99.030000 -0.300000 118 7
104.870000 28.440000 339 17
104.990000 28.400000 313 14
104.810000 28.400000 357 14
104.840000 28.490000 23 9
87.110000 9.380000 84 12
92.830000 27.720000 49 19
92.800000 27.740000 229 8
106.140000 -6.980000 110 17
104.790000 -7.280000 227 24
99.390000 -0.740000 138 0
102.910000 -7.110000 322 5
102.940000 -7.220000 319 9
104.930000 29.530000 209 6
91.650000 10.980000 189 3
101.190000 -4.480000 128 3
101.130000 -4.430000 133 7
99.590000 -2.640000 314 1
99.860000 -2.380000 317 3
97.400000 0.830000 331 7
81.140000 29.320000 99 7
97.890000 -0.890000 330 2
106.690000 22.940000 213 16
106.730000 22.920000 217 0
100.940000 -2.970000 130 4
104.950000 29.610000 202 17
92.400000 7.070000 331 15
107.440000 -8.010000 286 2
96.360000 2.350000 316 3
99.900000 -1.910000 134 2
99.880000 -1.970000 326 1
103.120000 -3.950000 47 20
103.010000 -5.850000 118 1
94.030000 22.800000 348 16
