109.010000 -7.890000 100 15
95.770000 4.240000 127 14
100.830000 -2.270000 8 16
95.450000 4.220000 316 17
97.290000 -0.930000 331 35
100.550000 -6.280000 303 4
87.480000 26.740000 353 4
94.820000 18.110000 336 7
107.660000 -7.130000 133 11
97.980000 25.150000 194 34
94.030000 7.560000 27 3
100.370000 26.570000 166 0
99.850000 26.360000 166 8
96.130000 2.940000 340 38
101.670000 -6.680000 147 24
94.940000 5.450000 308 23
94.340000 22.050000 349 24
93.170000 7.920000 341 29
95.080000 4.720000 304 40
94.430000 22.040000 170 5
95.480000 12.790000 251 28
95.020000 11.880000 43 0
97.180000 3.550000 299 4
94.680000 11.360000 256 9
94.640000 11.090000 235 41
94.680000 11.240000 263 17
94.570000 11.000000 262 17
94.600000 10.940000 68 3
94.800000 10.830000 251 5
94.590000 10.840000 255 7
94.620000 10.820000 258 7
94.570000 10.900000 61 2
94.740000 10.910000 253 23
94.800000 10.830000 250 9
94.690000 10.990000 255 1
106.930000 -4.350000 149 35
98.490000 1.380000 105 20
100.170000 26.170000 342 6
94.620000 7.830000 302 18
96.350000 15.150000 51 4
99.940000 -0.690000 155 17
100.910000 29.360000 107 39
94.840000 4.150000 300 41
90.270000 29.770000 21 0
95.090000 18.380000 148 8
94.250000 22.050000 146 4
97.240000 29.930000 262 9
94.400000 20.300000 319 14
95.240000 4.780000 114 30
90.030000 29.120000 352 19
99.240000 29.980000 78 8
108.420000 -6.650000 37 32
93.720000 21.150000 344 25
93.800000 21.220000 340 32
103.790000 -5.940000 124 33
93.580000 12.220000 75 21
95.960000 3.740000 261 10
94.590000 20.910000 334 1
93.670000 21.060000 358 8
90.170000 29.590000 13 3
94.360000 20.350000 324 21
97.660000 3.060000 122 2
95.090000 12.140000 219 30
87.280000 29.010000 184 22
87.350000 29.030000 175 4
94.970000 11.960000 235 36
99.640000 28.000000 290 18
97.220000 25.200000 282 2
97.610000 -1.110000 146 1
94.150000 20.540000 319 32
97.500000 -1.010000 80 13
94.340000 10.570000 243 11
94.390000 10.520000 52 2
99.540000 19.450000 212 15
102.250000 -4.660000 133 18
93.780000 10.210000 337 2
97.870000 1.300000 129 8
108.920000 -5.220000 110 34
95.390000 3.720000 127 5
99.060000 2.640000 315 6
100.340000 27.300000 161 13
100.380000 27.050000 175 2
100.420000 27.250000 165 41
92.200000 28.330000 37 10
88.190000 29.920000 349 3
100.370000 27.220000 327 5
105.570000 -6.200000 324 16
108.400000 -5.030000 140 19
97.950000 1.660000 262 4
97.330000 2.880000 144 14
100.390000 27.000000 171 7
85.380000 29.080000 184 10
101.010000 -6.200000 136 0
99.620000 -1.950000 310 11
88.120000 29.950000 158 12
101.020000 27.270000 151 0
94.680000 23.740000 177 12
95.280000 4.030000 146 37
93.720000 23.310000 57 7
109.150000 -9.910000 306 12
101.530000 -2.890000 30 25
105.560000 -6.840000 288 32
105.650000 -6.750000 357 24
102.890000 -5.610000 2 35
102.680000 -5.550000 294 5
102.600000 -5.020000 126 1
102.700000 -5.410000 46 27
106.850000 -6.680000 43 36
103.300000 -5.890000 133 9
103.280000 -5.890000 142 13
101.130000 29.510000 258 9
93.690000 23.900000 184 30
102.700000 -5.210000 198 15
103.340000 -5.280000 359 32
92.380000 18.900000 265 6
94.360000 5.360000 0 23
101.920000 -5.110000 3 7
102.040000 -4.330000 226 17
101.210000 -2.880000 194 18
86.75 27.73 0 0
86.52 28.52 0 0
89 26.26 0 0
87.75 27.81 0 0
93.530000 21.180000 339 25
93.760000 17.210000 104 0
94.510000 19.380000 339 0
97.720000 4.110000 112 8
95.610000 12.950000 342 32
98.910000 1.140000 204 38
102.180000 -5.440000 306 11
101.010000 29.480000 88 11
102.460000 -5.080000 282 13
102.040000 -3.610000 97 19
103.970000 27.370000 328 35
106.200000 -7.560000 6 10
104.000000 -7.880000 120 14
102.960000 -4.760000 139 35
100.490000 -1.560000 14 34
93.920000 8.840000 223 36
102.040000 -5.790000 137 27
103.980000 -2.430000 137 27
95.020000 12.400000 111 21
95.000000 12.450000 66 33
94.950000 12.390000 225 7
94.970000 12.390000 67 32
95.000000 12.440000 56 22
94.940000 12.270000 33 30
102.620000 -5.470000 145 39
95.000000 12.430000 58 36
95.880000 15.810000 220 27
92.740000 13.460000 22 17
94.500000 3.860000 95 10
94.220000 4.090000 305 1
93.810000 4.470000 131 23
92.390000 8.470000 153 12
93.660000 9.090000 196 22
92.390000 12.980000 32 27
94.110000 7.850000 339 29
95.540000 3.030000 307 5
93.040000 13.680000 343 12
92.300000 8.070000 188 15
92.680000 12.810000 58 13
93.870000 8.550000 333 31
92.470000 12.350000 346 8
93.590000 10.590000 323 31
94.260000 4.820000 133 26
93.160000 5.600000 341 10
93.810000 3.320000 89 10
92.500000 11.590000 190 4
92.150000 7.810000 160 40
93.690000 8.550000 346 5
93.680000 8.950000 352 4
92.990000 9.780000 79 17
91.890000 7.990000 331 15
93.710000 9.450000 7 9
93.950000 4.180000 319 7
93.700000 9.490000 8 8
93.770000 8.950000 351 23
94.400000 3.610000 152 30
92.120000 11.080000 9 29
93.760000 9.110000 4 28
93.090000 8.820000 1 9
93.600000 9.610000 4 14
92.690000 13.240000 343 11
93.760000 7.670000 70 22
93.690000 10.330000 72 15
94.620000 5.230000 144 32
93.790000 7.670000 258 1
94.220000 4.230000 301 13
94.260000 4.220000 352 14
92.530000 9.030000 349 22
92.340000 9.010000 175 35
92.910000 6.760000 318 13
91.990000 11.080000 57 40
93.950000 7.640000 30 30
94.030000 7.660000 199 1
92.600000 7.020000 173 4
93.920000 7.290000 44 43
92.460000 7.030000 348 41
91.780000 10.840000 19 13
93.100000 4.510000 319 43
93.300000 7.410000 318 29
94.780000 4.050000 83 7
93.670000 8.860000 221 7
93.780000 4.580000 130 28
92.560000 13.000000 48 17
93.250000 5.600000 338 9
91.790000 10.910000 354 17
93.330000 5.690000 142 12
93.560000 8.770000 17 21
94.280000 3.320000 117 15
93.840000 8.170000 39 18
92.440000 14.630000 54 38
92.390000 14.570000 60 28
92.590000 14.570000 216 5
93.200000 14.480000 57 35
92.190000 13.210000 34 2
93.350000 6.440000 174 0
93.290000 5.660000 147 4
92.940000 14.550000 50 14
94.010000 7.840000 215 32
94.180000 7.820000 205 34
94.050000 7.930000 221 38
93.980000 7.850000 43 38
94.050000 7.780000 238 35
94.020000 7.810000 5 37
93.970000 7.730000 226 30
93.980000 7.840000 211 30
94.120000 7.970000 216 20
94.110000 7.900000 216 23
94.080000 8.010000 216 42
94.050000 8.130000 227 17
93.960000 8.150000 224 36
94.050000 7.930000 236 20
93.920000 7.850000 211 0
94.110000 8.040000 30 23
94.100000 7.980000 217 32
94.140000 8.060000 204 34
94.170000 7.960000 221 19
94.120000 7.920000 215 6
94.120000 8.010000 208 4
93.950000 7.830000 18 29
94.040000 7.960000 33 35
94.070000 8.010000 30 5
93.960000 7.860000 211 41
94.060000 8.100000 176 31
94.100000 8.000000 30 21
94.130000 7.910000 20 11
94.020000 7.730000 13 17
94.100000 7.960000 27 17
92.530000 7.310000 168 36
94.270000 8.110000 24 19
94.110000 8.010000 19 15
94.210000 8.070000 27 28
94.150000 8.060000 26 42
94.080000 7.730000 217 31
93.960000 8.320000 217 3
94.270000 8.060000 31 32
94.230000 8.140000 40 30
94.110000 8.020000 211 25
94.020000 8.010000 227 28
94.060000 8.120000 24 39
94.200000 8.130000 60 25
94.060000 8.070000 24 37
93.960000 9.990000 42 14
94.140000 8.110000 47 20
93.990000 9.990000 54 14
94.100000 9.960000 47 18
94.260000 8.170000 29 17
93.960000 9.960000 58 31
95.560000 26.120000 44 21
94.050000 8.060000 31 7
94.060000 8.070000 30 38
94.290000 8.100000 220 31
93.610000 10.220000 6 30
93.770000 8.630000 171 17
95.730000 3.120000 97 3
93.540000 3.200000 325 24
92.480000 13.060000 29 4
97.100000 0.190000 321 21
96.070000 2.550000 310 22
97.910000 0.920000 260 0
96.180000 2.520000 336 25
96.390000 2.870000 45 4
96.390000 2.820000 24 21
97.160000 0.180000 352 26
96.890000 -0.410000 269 11
96.920000 -0.420000 280 1
96.400000 2.890000 225 12
93.660000 9.780000 228 27
94.820000 4.770000 68 17
97.170000 0.140000 144 8
96.440000 0.450000 155 2
97.660000 0.310000 336 3
93.630000 10.180000 358 25
97.280000 0.360000 298 20
97.310000 0.310000 283 38
97.290000 0.400000 140 0
93.980000 7.810000 11 19
93.710000 8.690000 21 27
97.870000 0.800000 355 11
93.270000 5.740000 147 18
97.260000 0.400000 301 9
96.250000 0.700000 329 3
94.860000 12.320000 246 12
93.930000 7.650000 5 34
93.580000 10.250000 14 18
94.190000 7.430000 215 39
97.140000 2.430000 304 2
91.930000 8.120000 343 24
91.640000 8.370000 21 24
93.560000 2.860000 166 40
91.960000 8.020000 220 15
97.300000 0.320000 131 32
95.220000 4.390000 214 8
95.790000 5.360000 166 14
98.920000 2.450000 1 34
92.200000 7.690000 355 15
91.910000 8.070000 347 19
91.910000 8.040000 344 16
93.970000 7.650000 194 2
95.400000 4.510000 136 37
105.500000 -5.840000 164 8
98.010000 0.240000 264 24
93.750000 7.630000 10 25
92.530000 17.560000 30 27
95.200000 12.230000 52 36
104.150000 -5.050000 12 15
91.830000 10.900000 8 6
95.980000 2.380000 338 21
107.100000 -9.750000 271 14
96.250000 4.000000 39 19
94.400000 10.750000 251 10
93.900000 10.700000 196 6
94.280000 10.740000 72 9
94.450000 10.790000 243 17
94.510000 10.800000 76 10
94.360000 10.730000 256 5
94.530000 10.730000 77 4
94.150000 10.560000 240 6
94.580000 10.840000 257 4
94.240000 10.660000 244 20
94.330000 10.720000 77 4
94.430000 10.710000 80 10
94.570000 10.770000 253 4
94.360000 10.710000 77 7
94.360000 10.730000 255 0
94.370000 10.790000 61 12
94.260000 10.720000 69 2
94.280000 10.630000 60 1
94.260000 10.550000 67 16
94.400000 10.690000 75 3
94.230000 10.640000 52 11
94.430000 10.800000 72 0
94.300000 10.680000 253 3
94.350000 10.720000 258 6
97.350000 0.290000 317 15
105.390000 -5.570000 136 24
96.930000 0.090000 289 18
97.170000 -0.010000 151 15
107.760000 -9.090000 289 7
107.650000 -9.510000 293 17
107.830000 -9.010000 103 4
108.320000 -9.420000 102 1
108.770000 -9.370000 283 8
107.660000 -9.570000 288 6
107.860000 -9.060000 102 6
108.750000 -9.300000 104 9
107.620000 -9.560000 114 11
108.890000 -9.260000 305 8
108.780000 -9.350000 115 3
107.960000 -9.690000 103 32
107.740000 -9.010000 291 12
108.620000 -9.470000 122 4
108.540000 -9.330000 280 10
107.530000 -9.730000 114 15
108.610000 -9.510000 117 19
108.550000 -9.330000 268 7
107.640000 -9.660000 293 25
107.580000 -9.490000 92 29
108.410000 -9.260000 113 20
107.320000 -9.710000 116 1
107.360000 -9.600000 117 2
108.090000 -9.810000 103 13
107.590000 -9.690000 115 21
107.530000 -9.790000 291 11
97.180000 0.190000 140 1
107.350000 -9.900000 121 22
100.140000 11.820000 1 9
95.000000 11.790000 219 4
94.960000 11.780000 44 17
100.180000 11.740000 346 4
97.210000 0.910000 88 7
97.010000 2.990000 125 4
98.020000 2.460000 309 4
92.530000 12.990000 23 34
105.140000 -6.520000 110 16
93.650000 7.670000 71 10
100.410000 -2.240000 142 19
96.970000 0.270000 140 12
100.460000 -2.260000 139 0
100.450000 -2.280000 117 25
91.780000 8.260000 186 0
91.820000 11.010000 185 37
91.780000 10.890000 351 21
91.780000 10.890000 158 17
91.900000 10.870000 355 16
91.680000 10.860000 7 6
91.710000 10.850000 16 30
91.930000 10.900000 354 10
91.730000 11.000000 4 35
91.640000 10.750000 359 19
107.620000 -9.520000 293 6
91.760000 11.020000 14 27
91.710000 10.950000 357 32
91.790000 10.980000 349 24
97.920000 25.050000 42 18
104.470000 -6.340000 7 40
92.390000 12.940000 205 44
100.510000 -2.220000 122 21
91.780000 10.930000 192 26
96.080000 15.580000 58 19
91.660000 10.760000 2 24
90.350000 29.810000 199 25
90.320000 29.650000 197 21
91.710000 10.830000 12 25
93.640000 8.660000 7 14
92.220000 7.660000 346 35
97.030000 0.110000 155 40
92.820000 13.730000 26 41
94.960000 11.800000 38 30
95.990000 15.580000 58 16
91.690000 10.670000 353 13
93.620000 9.050000 5 18
95.000000 12.140000 49 3
94.830000 12.030000 45 39
96.710000 0.300000 142 9
94.320000 10.700000 248 13
94.290000 10.750000 71 4
94.370000 10.770000 70 3
94.400000 10.710000 73 1
94.650000 11.280000 78 22
94.330000 10.640000 73 2
94.390000 10.750000 76 6
94.320000 10.670000 76 7
94.190000 10.610000 71 8
94.210000 10.660000 233 13
94.340000 10.700000 256 4
94.290000 10.730000 71 6
94.310000 10.690000 74 10
94.240000 10.740000 70 7
94.200000 10.640000 70 6
94.290000 10.760000 73 6
94.320000 10.660000 73 3
94.350000 10.740000 70 1
94.190000 10.610000 71 4
94.180000 10.670000 226 12
94.230000 10.590000 67 9
94.330000 10.600000 245 16
94.120000 10.590000 57 2
94.180000 10.640000 42 3
92.890000 14.100000 40 1
93.720000 9.020000 188 4
93.020000 13.960000 38 18
96.970000 0.270000 309 28
92.970000 14.030000 41 6
86.010000 29.490000 179 1
107.510000 -9.290000 110 15
97.110000 0.120000 315 20
93.170000 19.400000 350 21
93.180000 14.420000 228 15
91.890000 7.790000 347 27
108.090000 -8.020000 281 7
95.350000 14.000000 227 12
95.770000 13.420000 76 21
92.820000 13.610000 17 39
105.000000 -6.530000 47 23
99.750000 -3.690000 117 32
99.670000 -3.490000 324 1
99.570000 -3.460000 131 4
99.860000 -3.530000 118 9
99.580000 -3.550000 139 10
99.650000 -3.670000 128 15
100.130000 1.190000 184 16
90.340000 29.790000 357 23
99.040000 2.690000 334 6
94.110000 10.620000 65 41
104.070000 -8.270000 122 23
107.690000 -9.850000 116 14
107.650000 -9.980000 110 5
92.460000 9.640000 193 17
96.750000 1.140000 316 7
96.780000 1.170000 298 10
96.990000 0.250000 301 26
97.890000 2.960000 139 7
95.780000 12.990000 57 39
93.860000 7.800000 358 30
93.850000 7.730000 353 17
94.020000 7.720000 334 26
92.900000 6.310000 153 4
99.560000 1.850000 30 10
93.690000 8.570000 4 19
92.830000 3.390000 1 19
93.880000 8.830000 207 22
100.780000 27.770000 339 25
88.010000 29.910000 354 4
88.040000 29.950000 341 21
96.300000 4.860000 333 17
93.620000 10.460000 72 6
99.270000 24.650000 24 30
99.810000 25.980000 355 15
99.780000 25.950000 360 31
99.500000 -3.950000 124 20
91.250000 9.380000 4 11
97.910000 29.980000 241 29
95.850000 1.180000 309 20
99.330000 28.220000 90 26
99.090000 28.400000 279 5
100.740000 -2.070000 103 37
99.380000 28.230000 101 3
99.340000 28.220000 297 13
99.500000 28.250000 286 10
99.550000 28.290000 291 22
93.070000 14.290000 55 21
95.150000 12.400000 63 36
100.570000 25.500000 325 12
109.260000 -7.990000 289 2
95.060000 12.280000 53 36
99.070000 2.840000 4 0
98.390000 0.630000 118 26
95.210000 12.440000 48 17
85.500000 29.280000 0 18
100.030000 1.120000 185 12
95.560000 6.000000 353 28
95.220000 12.520000 52 6
94.420000 20.780000 162 21
94.330000 7.430000 191 22
96.150000 2.770000 112 12
96.100000 2.590000 149 44
96.960000 0.200000 320 19
92.850000 14.070000 31 40
92.950000 14.120000 19 29
94.990000 12.300000 37 20
85.830000 28.240000 350 9
84.870000 27.800000 316 38
97.2513 1.3546 311 10
97.900000 1.540000 119 26
95.9397 3.8705 302 11
103.570000 -5.980000 148 33
99.570000 25.090000 198 20
98.890000 0.790000 157 13
99.290000 -0.480000 110 36
93.690000 10.220000 92 37
101.790000 -6.860000 148 18
99.570000 26.080000 169 23
87.510000 28.480000 350 15
87.530000 28.450000 349 30
87.480000 28.570000 349 4
100.670000 -2.100000 154 0
100.380000 -6.060000 148 36
108.160000 -4.860000 144 26
98.140000 1.530000 135 1
94.970000 12.200000 239 30
98.510000 3.350000 173 29
98.450000 3.280000 336 15
101.540000 -3.040000 345 3
99.520000 0.600000 204 31
99.190000 1.480000 167 6
99.1495 1.4122 322 34
95.120000 6.310000 194 42
103.970000 -8.150000 316 17
91.890000 1.170000 5 20
91.890000 12.780000 67 24
95.080000 11.980000 59 14
108.050000 29.360000 219 11
92.420000 8.440000 341 32
91.770000 8.250000 12 25
91.860000 8.340000 192 13
96.790000 -0.170000 316 5
108.380000 -4.980000 155 17
92.500000 13.160000 37 23
96.470000 14.540000 64 14
105.380000 -8.840000 143 2
97.000000 0.220000 317 16
102.350000 -2.680000 175 35
95.880000 3.940000 73 34
105.800000 -6.760000 34 41
93.040000 14.110000 57 26
95.160000 11.150000 180 21
95.420000 13.130000 53 3
108.600000 -9.510000 122 17
92.990000 13.890000 19 32
92.960000 13.870000 360 40
98.460000 0.650000 223 20
94.540000 18.470000 142 23
92.960000 11.290000 20 7
93.440000 20.520000 183 16
91.800000 28.770000 357 10
99.620000 -3.450000 320 14
106.680000 -6.780000 62 25
97.250000 3.870000 305 15
87.310000 28.590000 355 9
92.970000 9.370000 64 36
