98.950000 24.570000 13 77
98.710000 24.530000 328 88
98.640000 24.340000 40 69
98.700000 24.780000 33 87
101.050000 27.600000 123 66
100.020000 0.450000 46 80
92.990000 21.750000 295 72
93.350000 23.480000 223 41
95.890000 3.510000 170 50
94.150000 6.340000 327 63
100.580000 20.510000 264 83
101.150000 27.640000 137 50
101.050000 23.040000 295 68
95.860000 16.600000 65 71
96.510000 14.560000 180 90
101.140000 23.160000 129 62
98.780000 0.540000 279 52
105.960000 -6.310000 176 56
103.640000 -5.960000 57 49
94.250000 1.190000 332 88
91.200000 6.390000 131 74
96.320000 25.210000 63 78
102.710000 -3.300000 334 73
88.870000 -3.390000 29 82
101.360000 27.810000 324 73
102.050000 -4.290000 152 44
97.560000 4.030000 136 79
93.830000 10.660000 296 45
88.750000 27.390000 302 51
85.460000 8.070000 59 73
96.620000 25.490000 45 65
99.350000 21.060000 143 58
101.350000 23.010000 209 69
100.290000 -1.010000 94 60
94.030000 6.940000 152 67
93.970000 7.120000 122 75
94.790000 5.680000 219 68
93.950000 7.430000 170 79
101.880000 21.920000 147 66
103.510000 -6.290000 189 58
90.620000 19.530000 331 73
105.810000 23.840000 103 73
103.000000 -6.650000 131 49
100.780000 -6.150000 140 50
107.760000 -7.240000 32 45
103.380000 21.720000 111 66
103.440000 21.770000 83 74
94.720000 25.070000 292 58
104.620000 -5.860000 146 53
96.060000 26.130000 318 45
99.150000 22.040000 140 65
93.520000 24.220000 291 62
104.250000 -5.810000 4 88
99.090000 1.730000 315 81
97.120000 26.660000 16 47
104.180000 -5.920000 30 75
94.640000 7.120000 246 71
104.380000 -6.370000 21 64
95.120000 11.430000 80 40
102.870000 25.900000 172 56
93.600000 8.430000 95 82
87.190000 18.340000 148 58
95.590000 5.740000 243 61
105.410000 -6.050000 167 48
97.740000 25.340000 111 65
104.210000 -5.780000 54 69
104.360000 -5.880000 102 78
104.280000 -6.030000 39 58
104.300000 -5.790000 0 62
86.530000 28.720000 206 43
94.180000 8.780000 55 86
92.920000 23.820000 344 59
91.170000 25.100000 70 50
94.280000 23.780000 179 67
95.270000 11.720000 309 79
100.240000 0.080000 110 77
96.390000 4.480000 243 64
95.150000 6.760000 5 79
107.380000 -7.090000 247 69
103.290000 -4.930000 327 56
99.020000 2.260000 82 74
99.060000 2.020000 59 70
94.180000 25.260000 192 64
83.650000 29.420000 184 43
84.410000 -0.770000 180 90
95.350000 3.970000 282 71
108.810000 -8.150000 40 49
91.520000 24.650000 297 74
103.050000 -4.430000 280 81
102.130000 -3.420000 281 73
103.110000 -5.880000 158 51
99.770000 22.810000 90 77
99.660000 23.100000 64 70
99.830000 22.740000 134 58
99.840000 22.750000 247 75
92.300000 6.350000 10 70
96.830000 26.180000 344 52
94.150000 7.620000 117 62
94.050000 7.590000 212 57
97.940000 21.730000 124 76
94.580000 25.050000 202 78
94.650000 6.980000 149 49
99.470000 23.510000 103 72
89.770000 21.860000 120 62
102.430000 20.620000 135 63
95.680000 5.030000 216 46
96.160000 4.900000 45 62
95.020000 20.700000 226 45
98.770000 20.290000 170 72
98.850000 20.270000 129 73
82.430000 -0.320000 180 90
95.030000 11.590000 21 80
95.190000 11.600000 347 81
105.860000 -6.830000 41 52
96.620000 25.560000 143 71
105.220000 -6.850000 163 55
94.350000 7.320000 55 73
93.980000 7.470000 275 73
92.280000 -2.200000 116 70
93.820000 12.190000 56 86
97.560000 3.950000 217 67
94.020000 8.230000 90 86
95.980000 23.480000 126 64
102.630000 -3.490000 250 59
93.450000 7.220000 309 43
95.700000 15.650000 103 87
93.610000 24.160000 285 74
95.160000 12.620000 116 87
96.310000 14.850000 223 78
94.110000 8.260000 137 87
94.580000 6.930000 120 70
94.670000 6.890000 24 67
94.710000 6.680000 66 58
105.670000 -6.820000 210 70
93.850000 23.910000 307 65
106.120000 -5.990000 43 49
92.860000 9.230000 314 71
98.850000 22.340000 42 73
98.860000 22.360000 57 67
101.950000 -2.020000 48 47
95.890000 23.990000 78 68
89.960000 20.980000 145 56
96.290000 18.880000 142 65
102.180000 -4.090000 272 43
93.490000 9.190000 256 55
101.060000 23.020000 172 80
105.390000 -7.700000 187 65
94.420000 23.150000 174 43
101.460000 25.420000 252 69
104.210000 -5.770000 0 54
104.240000 -5.050000 58 71
96.840000 26.190000 145 49
94.270000 7.600000 272 84
94.000000 21.490000 307 73
96.370000 17.870000 190 72
106.490000 -8.920000 121 62
93.920000 8.060000 38 50
96.700000 25.490000 126 76
95.720000 13.560000 61 68
109.410000 20.490000 59 62
109.150000 20.040000 338 63
102.760000 -5.860000 233 49
92.300000 27.610000 40 46
102.850000 22.700000 157 78
99.200000 22.000000 148 66
99.160000 21.930000 136 85
93.720000 8.880000 241 54
101.410000 -2.090000 44 74
98.660000 -6.420000 0 62
102.270000 26.000000 135 73
95.060000 1.850000 280 77
94.510000 6.970000 28 86
94.480000 7.130000 223 87
94.220000 8.270000 140 83
96.250000 25.170000 154 67
94.800000 21.310000 241 47
93.580000 -8.030000 180 90
95.170000 5.850000 150 40
108.720000 -9.300000 273 50
97.940000 3.440000 172 88
106.980000 -7.760000 290 67
95.010000 19.330000 235 61
93.690000 8.860000 206 80
94.460000 22.570000 268 58
92.250000 24.890000 158 68
103.850000 -6.040000 90 45
96.490000 4.360000 129 74
94.600000 6.450000 241 84
86.850000 -0.480000 4 85
96.610000 25.380000 174 83
93.620000 9.350000 252 48
93.130000 1.640000 168 67
95.310000 24.930000 271 58
93.960000 10.150000 71 77
104.790000 -6.540000 67 66
104.910000 -6.510000 59 59
94.360000 7.350000 291 77
94.310000 7.320000 326 84
99.560000 -1.680000 203 72
94.280000 7.560000 244 78
98.800000 -6.220000 170 79
101.030000 27.310000 163 76
101.940000 -4.800000 95 42
107.130000 -7.530000 202 67
108.720000 -8.240000 162 54
95.850000 4.930000 124 67
101.980000 -2.770000 70 50
87.280000 -4.000000 217 47
93.680000 24.910000 144 58
94.990000 11.780000 241 47
90.140000 3.690000 195 82
94.450000 4.800000 40 75
104.710000 -5.890000 178 50
96.230000 18.390000 12 83
93.830000 8.350000 301 55
103.320000 -4.030000 132 75
91.930000 26.260000 304 65
100.320000 1.280000 198 43
88.980000 -1.340000 140 73
88.900000 -1.300000 61 72
89.040000 -1.270000 119 77
94.310000 7.140000 156 67
101.160000 25.590000 126 77
101.060000 25.610000 143 76
101.290000 19.830000 131 79
89.080000 -1.350000 113 79
102.030000 -6.730000 153 49
106.380000 -8.700000 321 56
96.010000 4.740000 142 63
102.090000 -4.720000 225 47
102.830000 -5.520000 164 50
102.150000 -5.030000 216 61
102.840000 -5.650000 114 63
102.180000 -4.910000 252 73
102.180000 -5.190000 166 59
96.210000 4.250000 67 66
102.890000 -5.560000 149 77
105.420000 -6.760000 216 81
93.270000 4.080000 237 84
94.750000 5.770000 174 68
94.920000 4.170000 286 60
102.060000 -4.430000 244 76
95.460000 6.420000 79 63
102.100000 -4.960000 204 72
97.810000 24.380000 281 71
102.450000 -5.280000 349 55
102.680000 -6.080000 37 60
92.910000 21.690000 343 82
105.250000 -6.530000 327 62
103.770000 -5.910000 73 51
89.080000 -4.260000 311 66
93.960000 8.730000 355 81
94.010000 8.660000 65 81
99.060000 24.770000 197 52
98.940000 0.880000 260 54
101.000000 27.690000 129 86
102.840000 -4.330000 343 55
97.380000 -1.370000 219 47
101.420000 24.880000 321 50
93.350000 12.220000 328 51
94.770000 6.320000 230 71
102.000000 -5.100000 217 74
82.500000 0.890000 32 62
100.650000 26.320000 121 69
102.850000 -6.010000 106 57
105.210000 -6.310000 216 81
102.190000 -4.810000 204 60
102.150000 -5.270000 182 64
103.870000 -6.930000 312 46
103.750000 -7.070000 266 63
104.020000 -7.000000 36 87
107.360000 -7.370000 72 49
103.630000 -7.060000 33 70
95.700000 13.250000 34 59
96.210000 2.890000 328 47
94.070000 8.840000 72 69
95.550000 12.920000 100 52
93.850000 7.770000 20 69
94.200000 7.840000 6 83
102.570000 -3.860000 60 58
89.330000 27.260000 177 61
92.560000 12.520000 5 47
94.970000 12.010000 211 68
94.980000 12.640000 257 81
95.630000 12.560000 20 67
100.820000 -0.540000 233 47
101.290000 25.980000 321 78
93.530000 12.120000 332 47
95.610000 29.570000 179 75
95.900000 5.320000 10 40
97.650000 4.620000 148 53
95.670000 19.920000 120 69
101.250000 25.950000 135 88
93.740000 7.240000 313 44
93.140000 12.960000 339 46
104.130000 -5.690000 4 70
104.080000 -6.020000 13 61
101.190000 -5.560000 152 53
103.110000 -4.740000 111 55
94.000000 8.860000 285 78
94.020000 8.900000 218 76
93.910000 9.040000 251 72
105.620000 -6.800000 327 49
93.570000 7.310000 267 70
95.100000 11.050000 56 48
94.810000 -8.780000 203 45
103.870000 27.270000 230 85
101.900000 -3.250000 292 53
95.510000 29.770000 194 78
106.200000 -7.440000 268 55
93.500000 9.540000 256 46
108.620000 -8.840000 40 62
92.840000 13.530000 155 50
92.910000 13.590000 201 53
92.950000 13.710000 250 68
93.460000 6.250000 335 58
93.210000 6.000000 189 46
92.100000 8.020000 194 60
93.820000 9.300000 255 64
92.360000 8.970000 223 59
91.790000 7.060000 135 70
92.160000 6.390000 126 76
94.140000 7.660000 193 80
96.160000 5.110000 210 59
95.260000 4.690000 248 72
93.800000 9.940000 82 86
92.260000 8.300000 274 60
93.160000 10.060000 316 59
94.610000 3.710000 86 63
92.850000 13.850000 141 62
93.130000 13.740000 139 63
92.070000 7.860000 197 57
93.890000 9.440000 211 82
92.300000 5.100000 183 67
94.460000 7.340000 199 72
92.630000 9.030000 223 65
96.680000 4.600000 180 59
94.440000 4.010000 158 60
91.910000 6.940000 123 78
91.960000 6.970000 185 80
93.610000 10.800000 258 51
93.120000 14.100000 146 61
92.880000 3.540000 176 51
93.760000 9.640000 154 73
92.260000 11.870000 100 72
92.210000 11.850000 266 76
95.980000 2.710000 137 59
93.990000 8.110000 222 80
92.700000 3.550000 172 49
94.860000 4.910000 226 50
92.860000 13.560000 16 58
93.010000 13.640000 242 48
94.340000 2.710000 169 62
96.130000 4.700000 190 74
92.480000 7.330000 175 82
96.280000 3.240000 308 43
94.040000 8.250000 209 63
94.060000 8.020000 246 70
93.990000 7.940000 236 64
94.250000 7.870000 233 49
94.000000 7.830000 231 65
92.840000 13.280000 239 59
94.090000 7.960000 236 48
94.060000 7.940000 219 75
93.950000 7.830000 248 62
94.140000 7.900000 346 75
94.160000 7.910000 223 58
94.140000 7.970000 234 51
94.030000 7.910000 239 83
94.110000 7.950000 235 75
94.270000 7.950000 229 51
94.090000 7.930000 251 60
94.010000 7.850000 241 65
93.820000 8.060000 243 65
94.130000 7.960000 224 50
93.860000 7.530000 217 41
94.170000 7.940000 295 90
94.180000 7.980000 23 48
94.000000 8.020000 160 86
94.350000 7.910000 295 86
94.100000 7.990000 235 61
94.220000 7.830000 223 61
94.120000 7.790000 245 69
94.120000 7.870000 252 67
94.270000 7.940000 240 79
94.150000 7.990000 221 65
94.120000 7.980000 239 61
94.240000 7.690000 8 50
94.210000 7.960000 22 57
94.120000 7.710000 215 45
94.200000 8.080000 294 59
93.900000 7.990000 237 77
94.160000 7.990000 187 81
94.090000 7.880000 212 77
94.210000 7.600000 250 62
94.110000 7.860000 220 64
94.060000 7.970000 223 55
94.160000 8.180000 231 78
93.470000 9.700000 157 82
94.180000 7.800000 208 49
94.030000 8.120000 215 53
94.120000 8.090000 218 49
94.110000 7.790000 268 54
94.100000 7.890000 233 62
94.020000 7.720000 210 46
94.180000 7.910000 265 53
93.560000 7.810000 215 59
94.020000 7.820000 220 48
93.900000 7.900000 172 52
93.990000 7.900000 215 59
94.030000 7.910000 215 64
94.130000 7.970000 210 58
94.000000 7.860000 228 55
94.050000 8.060000 244 63
94.060000 7.900000 212 65
94.110000 7.990000 208 59
93.960000 7.740000 253 68
94.100000 7.800000 227 80
94.160000 7.930000 221 63
94.240000 7.840000 229 51
94.480000 8.360000 231 61
94.280000 7.810000 206 61
94.390000 7.910000 220 74
94.110000 8.020000 204 64
94.330000 8.290000 223 75
94.270000 8.170000 41 51
94.130000 7.680000 292 83
93.150000 13.780000 157 70
92.930000 13.150000 158 65
94.230000 8.080000 39 58
94.280000 8.220000 185 70
96.760000 4.050000 195 63
94.260000 7.980000 51 66
94.260000 8.170000 38 87
94.070000 7.930000 212 58
94.310000 8.320000 185 86
90.380000 6.430000 104 79
93.250000 5.620000 91 66
94.320000 7.880000 215 72
94.180000 8.110000 131 84
93.030000 5.510000 136 80
93.630000 14.850000 144 56
92.190000 1.820000 182 65
92.520000 24.550000 226 51
94.540000 24.430000 318 50
93.970000 8.110000 123 84
95.290000 2.330000 335 82
94.100000 7.830000 221 59
95.070000 2.290000 93 54
94.280000 7.410000 215 58
91.630000 9.730000 166 59
95.290000 26.080000 226 42
94.840000 25.480000 252 64
87.930000 28.260000 202 62
99.210000 1.780000 224 82
98.140000 0.200000 83 78
97.160000 1.110000 332 62
98.110000 0.320000 162 81
97.460000 0.810000 26 75
93.100000 2.430000 155 71
95.890000 2.800000 327 57
97.010000 1.890000 29 77
96.300000 2.410000 89 55
97.420000 0.610000 276 49
97.380000 0.680000 51 82
97.730000 -0.220000 92 53
96.850000 2.100000 314 52
99.940000 -1.770000 87 46
99.910000 -1.820000 90 67
97.040000 0.320000 167 62
96.380000 3.050000 22 68
91.690000 9.290000 175 50
94.870000 4.710000 166 60
93.270000 5.590000 90 66
97.300000 1.080000 320 46
93.210000 5.690000 190 50
103.170000 -4.730000 320 50
94.750000 3.190000 90 64
96.600000 2.120000 3 68
97.640000 0.080000 101 53
92.130000 7.700000 222 80
93.180000 3.670000 185 48
97.240000 1.260000 133 61
106.240000 -6.870000 99 46
91.960000 7.740000 197 56
97.270000 1.170000 84 56
103.290000 -6.220000 353 80
105.870000 -6.700000 341 55
96.270000 4.340000 62 71
93.140000 5.170000 185 63
92.190000 7.920000 124 68
92.010000 7.790000 283 68
93.000000 8.020000 205 64
97.020000 1.900000 109 44
95.620000 2.730000 71 69
92.330000 8.380000 270 78
103.040000 26.570000 335 73
94.130000 7.740000 256 73
97.600000 0.030000 107 55
97.610000 0.050000 119 46
97.560000 -0.010000 168 48
97.700000 0.080000 159 70
97.870000 0.070000 332 70
95.580000 5.230000 203 73
92.060000 7.900000 199 46
105.460000 -6.880000 318 77
103.060000 -5.830000 45 81
98.190000 0.790000 201 54
94.300000 4.030000 176 56
81.860000 29.730000 103 51
108.390000 9.960000 177 66
108.290000 9.970000 187 66
97.460000 0.790000 9 71
95.270000 3.400000 231 76
88.130000 -2.010000 229 60
96.200000 25.010000 197 72
97.110000 1.330000 326 54
95.930000 2.610000 318 44
91.710000 26.910000 30 71
94.530000 24.270000 326 70
93.850000 23.180000 215 75
97.220000 3.460000 223 43
93.240000 2.650000 189 66
96.500000 2.150000 113 44
95.990000 4.550000 236 65
97.100000 3.170000 136 72
97.050000 0.090000 164 59
99.580000 1.740000 310 54
91.800000 10.440000 175 64
91.930000 20.630000 178 84
93.600000 8.810000 168 63
107.240000 -9.540000 167 80
104.140000 28.000000 31 49
101.600000 -4.880000 185 43
96.190000 4.840000 223 80
95.580000 19.260000 57 86
92.710000 24.660000 309 55
98.010000 -9.490000 156 69
93.350000 22.100000 302 70
96.230000 4.860000 196 77
99.860000 0.630000 256 85
105.640000 -6.780000 235 45
98.200000 22.020000 184 71
95.290000 19.190000 239 45
89.690000 1.980000 207 74
109.670000 -9.990000 153 68
93.600000 8.360000 251 57
94.400000 6.180000 247 52
93.060000 10.290000 260 47
100.500000 -0.490000 214 84
100.550000 -0.480000 242 80
100.910000 -0.400000 264 78
86.780000 -3.390000 89 57
91.520000 9.200000 115 68
89.420000 -1.320000 199 68
96.150000 15.530000 61 68
99.270000 1.760000 349 67
94.480000 23.160000 285 66
100.750000 20.500000 61 81
88.240000 27.330000 302 57
95.550000 2.630000 114 58
93.860000 8.310000 218 63
101.050000 23.030000 280 54
101.160000 23.030000 285 75
99.780000 21.470000 110 78
99.910000 21.550000 39 58
103.860000 -5.850000 60 69
96.580000 25.430000 221 81
91.000000 6.690000 137 75
93.990000 14.290000 290 57
102.350000 -3.000000 31 46
100.070000 -1.570000 186 63
92.900000 2.540000 178 62
91.800000 9.700000 127 70
92.390000 22.150000 20 78
104.560000 -6.510000 99 69
99.470000 -0.550000 85 47
108.300000 9.990000 180 70
100.840000 -4.520000 63 66
95.660000 5.420000 237 46
102.020000 -5.160000 150 70
92.390000 3.800000 207 60
97.500000 24.550000 86 82
98.240000 0.110000 72 57
99.150000 1.640000 103 79
99.180000 1.720000 353 72
101.140000 -1.830000 232 64
99.790000 -1.070000 165 54
91.810000 11.040000 168 75
97.680000 25.040000 111 80
101.940000 26.270000 192 86
101.970000 26.230000 128 75
98.090000 0.490000 48 78
97.780000 24.870000 6 84
90.310000 29.740000 204 53
100.140000 -0.250000 258 60
94.080000 8.740000 219 50
93.980000 8.720000 222 57
93.400000 4.570000 133 63
82.050000 29.950000 353 57
94.760000 6.880000 73 49
95.900000 22.750000 125 76
97.570000 23.970000 106 75
96.040000 15.650000 129 82
100.040000 0.070000 230 65
106.150000 -6.960000 100 54
101.910000 -5.960000 170 72
97.650000 3.360000 203 62
100.330000 -1.050000 212 65
101.100000 25.630000 317 84
101.030000 25.670000 80 82
101.040000 25.660000 299 41
95.500000 -8.960000 158 76
92.820000 14.050000 30 78
96.620000 4.600000 174 69
99.970000 0.530000 50 86
101.500000 -2.520000 46 70
100.820000 25.960000 17 84
91.900000 8.080000 251 73
96.200000 4.690000 166 82
92.780000 13.630000 52 63
92.790000 13.620000 29 66
93.790000 3.030000 171 53
93.140000 4.630000 149 54
101.930000 25.560000 138 73
86.730000 28.410000 140 64
100.070000 21.400000 0 58
92.830000 13.670000 21 54
99.170000 1.860000 242 64
101.720000 -5.550000 214 74
91.850000 7.800000 203 59
105.170000 -6.640000 358 72
99.180000 24.860000 28 51
95.790000 4.780000 199 54
91.940000 7.880000 258 50
91.990000 7.780000 187 62
91.820000 7.400000 212 62
91.960000 7.700000 190 80
92.050000 7.760000 237 58
91.860000 7.590000 183 79
99.790000 -0.740000 207 45
93.260000 14.370000 62 74
94.970000 11.600000 70 77
90.660000 23.410000 272 74
94.060000 7.790000 233 83
95.740000 6.440000 82 52
103.420000 20.860000 218 72
90.410000 4.240000 188 62
108.190000 9.870000 183 68
97.970000 24.720000 131 78
99.840000 20.690000 94 78
99.770000 20.650000 111 69
99.880000 20.710000 126 60
99.080000 1.140000 233 54
100.110000 20.740000 315 78
95.760000 4.030000 263 62
101.760000 -7.720000 18 84
99.230000 1.860000 249 65
99.110000 1.840000 232 60
99.110000 1.850000 211 50
100.190000 -3.410000 50 59
98.790000 0.970000 204 43
98.730000 24.930000 329 86
88.140000 27.720000 341 69
96.170000 2.450000 185 63
103.790000 -7.160000 124 60
97.610000 25.200000 94 80
96.420000 4.550000 169 64
93.210000 2.430000 155 79
93.220000 2.440000 190 46
93.020000 2.730000 177 56
97.060000 4.200000 186 55
100.160000 -0.840000 236 51
93.060000 2.330000 88 75
92.460000 0.800000 176 83
89.560000 2.870000 267 54
89.680000 1.840000 197 59
93.440000 2.400000 216 56
92.750000 3.750000 181 59
91.810000 1.040000 260 61
91.040000 1.550000 212 44
89.940000 3.400000 163 66
92.150000 1.040000 216 46
92.240000 0.460000 193 43
90.270000 2.580000 136 65
90.900000 1.880000 216 58
92.420000 0.800000 151 73
92.240000 0.180000 201 52
90.860000 1.420000 206 50
91.750000 1.380000 214 49
93.950000 8.870000 205 66
91.720000 1.150000 224 52
93.940000 9.010000 221 57
89.790000 2.220000 221 56
93.730000 1.910000 143 65
92.380000 1.900000 300 50
89.600000 1.760000 206 63
93.330000 14.400000 59 76
92.960000 3.310000 206 59
92.620000 3.860000 197 48
89.720000 2.000000 239 70
86.710000 3.560000 228 58
87.910000 4.810000 234 58
92.680000 4.020000 165 61
92.890000 26.190000 116 80
89.420000 -3.350000 206 65
86.750000 4.250000 219 56
89.560000 2.710000 269 55
92.910000 3.360000 103 50
93.320000 14.420000 266 68
97.900000 3.010000 182 44
90.510000 2.630000 202 65
94.700000 25.590000 257 78
86.570000 3.050000 235 51
96.530000 25.350000 270 80
94.480000 25.420000 315 66
96.430000 25.000000 214 75
89.700000 1.980000 280 50
94.300000 22.930000 252 64
89.540000 1.760000 199 47
92.000000 -0.220000 194 43
92.890000 3.320000 111 62
92.060000 -0.170000 180 59
92.010000 -0.180000 191 51
92.990000 4.410000 180 61
104.010000 27.570000 5 51
92.850000 13.640000 10 56
90.120000 3.580000 182 82
98.820000 -0.060000 226 71
96.680000 25.460000 282 58
92.780000 6.110000 216 70
92.580000 1.470000 189 72
95.890000 23.000000 94 55
95.830000 22.720000 139 70
95.870000 23.130000 124 67
95.940000 22.900000 101 59
95.960000 22.990000 109 71
89.790000 2.450000 194 70
95.890000 23.110000 74 67
90.430000 2.420000 206 62
101.250000 -7.890000 186 62
95.910000 22.780000 109 59
86.460000 -3.230000 330 73
92.720000 0.700000 194 63
95.910000 4.930000 167 68
100.280000 -1.540000 27 74
103.080000 27.240000 196 76
101.710000 23.240000 293 44
95.980000 23.070000 92 75
90.350000 2.600000 235 51
91.550000 2.710000 227 70
92.400000 0.760000 155 71
87.410000 6.270000 206 39
93.510000 10.620000 301 45
96.670000 4.640000 170 63
96.650000 4.660000 193 57
96.710000 4.650000 184 64
98.990000 1.800000 231 70
95.960000 22.980000 94 68
95.900000 22.880000 112 76
95.960000 22.940000 142 69
102.870000 28.090000 23 73
90.450000 3.230000 219 69
95.970000 5.100000 182 66
89.660000 1.830000 239 67
93.640000 26.410000 122 51
90.100000 2.470000 217 70
90.070000 4.210000 181 81
92.820000 5.420000 165 46
96.250000 -0.560000 196 69
102.000000 -5.730000 197 56
93.080000 14.330000 38 79
96.230000 4.240000 224 62
105.430000 -6.960000 2 85
95.910000 23.000000 75 69
93.960000 23.840000 340 60
94.310000 7.760000 204 53
94.330000 7.740000 210 72
94.270000 7.540000 216 51
94.180000 7.500000 235 65
94.300000 7.450000 211 61
86.720000 4.190000 246 63
104.230000 -4.670000 206 68
91.600000 4.030000 209 55
99.670000 19.660000 157 81
99.600000 19.630000 310 82
99.630000 19.700000 257 88
99.470000 19.620000 17 57
102.070000 25.550000 127 67
88.030000 18.200000 70 82
97.840000 24.970000 85 85
102.990000 -6.590000 77 59
97.850000 25.000000 147 78
89.780000 2.020000 192 78
96.510000 4.440000 212 58
102.370000 -2.780000 213 45
104.820000 -6.980000 17 73
93.090000 14.360000 35 61
96.480000 4.530000 203 64
103.410000 27.190000 133 80
94.570000 24.590000 274 52
103.550000 28.120000 26 77
103.250000 -3.990000 217 57
93.250000 22.210000 171 79
100.540000 -0.670000 230 67
102.790000 28.400000 9 63
100.470000 23.380000 92 79
94.510000 7.610000 212 47
94.300000 7.390000 234 61
94.240000 7.560000 217 54
94.410000 7.530000 214 59
94.190000 7.490000 211 58
89.780000 2.200000 234 61
94.330000 7.420000 219 49
94.180000 7.220000 225 49
94.360000 7.580000 231 72
94.310000 7.460000 222 64
94.200000 7.450000 251 59
94.360000 7.610000 218 40
94.360000 7.480000 216 61
94.380000 7.450000 224 44
93.510000 23.510000 201 46
92.800000 12.530000 311 70
90.110000 3.470000 257 68
100.470000 23.340000 141 70
100.530000 23.360000 88 70
94.270000 7.450000 231 49
94.720000 6.950000 224 50
94.690000 24.200000 291 58
92.350000 13.230000 256 62
93.920000 24.000000 237 74
92.870000 2.930000 175 66
98.850000 23.570000 138 64
96.010000 4.760000 183 65
103.140000 25.320000 306 71
89.620000 1.950000 217 73
89.610000 1.750000 246 59
98.960000 1.890000 242 50
88.060000 26.860000 206 51
102.220000 -2.540000 227 53
98.960000 -3.900000 115 67
101.170000 -1.530000 220 58
90.400000 26.640000 281 73
95.030000 11.420000 41 61
93.320000 5.020000 51 51
94.550000 6.880000 203 69
94.720000 7.040000 222 41
94.610000 6.790000 222 61
94.480000 6.770000 209 67
94.770000 7.120000 207 51
94.440000 6.680000 221 60
94.460000 6.880000 229 50
94.650000 6.840000 213 77
94.530000 6.980000 226 55
94.920000 6.490000 197 62
94.740000 6.510000 230 68
94.800000 6.380000 215 58
94.530000 6.830000 210 65
93.650000 24.810000 91 47
92.270000 0.450000 223 63
106.960000 -7.320000 290 36
94.330000 -4.950000 11 87
94.410000 -4.790000 192 51
94.570000 -4.860000 186 50
94.420000 -4.190000 183 64
94.400000 -4.500000 188 48
102.320000 -2.810000 180 68
97.970000 0.450000 177 77
94.370000 -4.510000 159 72
102.570000 -7.030000 116 45
89.470000 2.920000 135 63
91.500000 11.350000 324 69
92.500000 3.850000 202 54
92.640000 3.830000 195 44
92.540000 3.820000 193 53
99.490000 26.050000 64 85
100.090000 0.030000 252 80
101.220000 -6.760000 141 50
91.710000 10.160000 118 72
94.380000 8.390000 246 61
94.250000 8.360000 246 58
94.600000 22.900000 270 43
104.840000 -8.110000 164 69
96.170000 5.280000 168 64
92.020000 24.010000 180 86
94.500000 23.320000 213 59
98.480000 3.310000 164 46
103.430000 27.300000 34 77
93.480000 24.040000 117 54
94.670000 25.190000 156 74
103.570000 27.200000 93 73
96.000000 17.400000 148 84
92.300000 6.150000 231 82
99.920000 25.870000 59 85
99.840000 25.940000 62 85
93.050000 14.460000 305 66
83.160000 -7.350000 311 75
100.150000 20.710000 301 83
104.910000 28.160000 183 75
95.050000 11.490000 6 85
97.280000 4.210000 190 55
102.750000 -5.540000 206 49
106.260000 -8.320000 207 54
93.620000 24.320000 263 64
92.460000 0.590000 240 57
106.390000 -5.930000 121 36
102.170000 -3.110000 194 54
108.170000 -7.490000 172 52
94.400000 22.060000 259 52
92.170000 7.130000 239 84
105.960000 -7.090000 51 40
96.190000 4.750000 188 76
98.860000 2.070000 201 67
98.750000 1.000000 341 41
98.740000 1.000000 329 47
95.940000 19.830000 294 74
99.000000 2.000000 287 60
87.060000 -3.100000 105 74
94.610000 22.960000 272 52
94.450000 7.320000 237 71
100.770000 -0.970000 223 76
91.770000 7.420000 201 72
102.910000 24.300000 286 61
93.220000 14.070000 203 59
102.870000 24.190000 260 74
101.580000 23.330000 206 80
90.160000 26.370000 327 71
102.390000 -5.280000 180 50
94.180000 7.060000 239 49
96.130000 4.690000 205 71
102.220000 27.790000 257 84
93.390000 23.970000 338 68
98.780000 29.740000 321 79
105.010000 28.300000 138 79
101.770000 21.330000 55 69
99.070000 1.700000 230 72
96.330000 24.810000 89 64
94.370000 7.400000 89 45
85.730000 14.400000 88 47
101.770000 -6.570000 158 75
99.610000 19.190000 150 67
101.580000 -1.320000 215 79
90.280000 -3.280000 227 80
101.970000 -3.120000 240 54
94.310000 7.780000 235 67
94.250000 7.850000 210 64
94.360000 7.810000 245 77
94.330000 7.650000 226 72
94.310000 7.670000 239 56
94.450000 7.620000 225 72
94.320000 7.610000 223 68
94.200000 7.460000 250 80
94.300000 7.540000 229 63
94.260000 7.700000 24 63
94.210000 7.570000 196 72
94.220000 7.570000 265 74
94.390000 7.540000 220 73
94.270000 7.520000 237 66
94.340000 7.580000 203 66
94.420000 25.450000 165 61
94.340000 7.670000 209 49
94.250000 7.640000 208 53
94.200000 7.620000 204 59
94.410000 7.420000 198 79
94.380000 7.360000 206 76
94.370000 7.590000 223 66
94.370000 7.620000 233 78
95.720000 26.230000 340 51
92.670000 3.800000 174 70
103.600000 28.140000 104 73
94.310000 7.600000 221 64
97.1918 1.1677 103 50
104.930000 28.400000 242 87
92.710000 12.120000 20 63
96.9262 1.2363 172 60
100.730000 26.260000 147 76
93.240000 13.100000 101 56
95.520000 22.740000 129 72
102.270000 -6.020000 176 54
92.710000 3.520000 249 73
94.520000 7.210000 201 70
94.860000 7.280000 216 68
101.250000 19.440000 162 62
101.360000 19.450000 174 63
92.480000 2.400000 301 45
94.940000 19.230000 182 43
96.040000 23.180000 108 64
99.110000 1.800000 240 65
96.100000 24.420000 134 70
99.600000 1.230000 111 82
