95.770000 4.240000 220 .35
100.830000 -2.270000 273 .35
95.450000 4.220000 219 .35
97.290000 -0.930000 213 .35
100.550000 -6.280000 210 .35
87.480000 26.740000 260 .35
94.820000 18.110000 244 .35
107.660000 -7.130000 225 .35
97.980000 25.150000 303 .35
94.030000 7.560000 118 .35
100.370000 26.570000 76 .35
99.850000 26.360000 260 .35
96.130000 2.940000 94 .35
101.670000 -6.680000 248 .35
94.940000 5.450000 208 .35
94.340000 22.050000 255 .35
93.170000 7.920000 234 .35
95.080000 4.720000 199 .35
94.430000 22.040000 260 .35
95.480000 12.790000 352 .35
95.020000 11.880000 313 .35
97.180000 3.550000 207 .35
94.680000 11.360000 351 .35
94.640000 11.090000 117 .35
94.680000 11.240000 1 .35
94.570000 11.000000 1 .35
94.600000 10.940000 336 .35
94.800000 10.830000 343 .35
94.590000 10.840000 347 .35
94.620000 10.820000 350 .35
94.570000 10.900000 330 .35
94.740000 10.910000 143 .35
94.800000 10.830000 344 .35
94.690000 10.990000 346 .35
106.930000 -4.350000 266 .35
98.490000 1.380000 202 .35
100.170000 26.170000 75 .35
94.620000 7.830000 38 .35
96.350000 15.150000 320 .35
99.940000 -0.690000 253 .35
100.910000 29.360000 206 .35
94.840000 4.150000 194 .35
90.270000 29.770000 291 .35
95.090000 18.380000 239 .35
94.250000 22.050000 237 .35
97.240000 29.930000 358 .35
94.400000 20.300000 223 .35
95.240000 4.780000 213 .35
90.030000 29.120000 97 .35
99.240000 29.980000 344 .35
108.420000 -6.650000 145 .35
93.720000 21.150000 238 .35
93.800000 21.220000 238 .35
103.790000 -5.940000 229 .35
93.580000 12.220000 328 .35
95.960000 3.740000 170 .35
94.590000 20.910000 244 .35
93.670000 21.060000 263 .35
90.170000 29.590000 106 .35
94.360000 20.350000 227 .35
97.660000 3.060000 213 .35
95.090000 12.140000 335 .35
87.280000 29.010000 292 .35
87.350000 29.030000 267 .35
94.970000 11.960000 347 .35
99.640000 28.000000 190 .35
97.220000 25.200000 191 .35
97.610000 -1.110000 236 .35
94.150000 20.540000 226 .35
97.500000 -1.010000 341 .35
94.340000 10.570000 149 .35
94.390000 10.520000 319 .35
99.540000 19.450000 116 .35
102.250000 -4.660000 227 .35
93.780000 10.210000 68 .35
97.870000 1.300000 220 .35
108.920000 -5.220000 352 .35
95.390000 3.720000 221 .35
99.060000 2.640000 224 .35
100.340000 27.300000 63 .35
100.380000 27.050000 83 .35
100.420000 27.250000 288 .35
92.200000 28.330000 131 .35
88.190000 29.920000 257 .35
100.370000 27.220000 61 .35
105.570000 -6.200000 224 .35
108.400000 -5.030000 247 .35
97.950000 1.660000 170 .35
97.330000 2.880000 237 .35
100.390000 27.000000 263 .35
85.380000 29.080000 88 .35
101.010000 -6.200000 226 .35
99.620000 -1.950000 220 .35
88.120000 29.950000 255 .35
101.020000 27.270000 61 .35
94.680000 23.740000 87 .35
95.280000 4.030000 251 .35
93.720000 23.310000 152 .35
109.150000 -9.910000 211 .35
101.530000 -2.890000 297 .35
105.560000 -6.840000 197 .35
105.650000 -6.750000 107 .35
102.890000 -5.610000 112 .35
102.680000 -5.550000 203 .35
102.600000 -5.020000 36 .35
102.700000 -5.410000 294 .35
106.850000 -6.680000 148 .35
103.300000 -5.890000 42 .35
103.280000 -5.890000 50 .35
101.130000 29.510000 162 .35
93.690000 23.900000 289 .35
102.700000 -5.210000 100 .35
103.340000 -5.280000 257 .35
92.380000 18.900000 171 .35
94.360000 5.360000 105 .35
101.920000 -5.110000 269 .35
102.040000 -4.330000 133 .35
101.210000 -2.880000 293 .35
86.75 27.73 239 .35
86.52 28.52 35 .35
89 26.26 240 .35
87.75 27.81 243 .35
93.530000 21.180000 87 .35
93.760000 17.210000 14 .35
94.510000 19.380000 249 .35
97.720000 4.110000 203 .35
95.610000 12.950000 250 .35
98.910000 1.140000 301 .35
102.180000 -5.440000 215 .35
101.010000 29.480000 182 .35
102.460000 -5.080000 188 .35
102.040000 -3.610000 7 .35
103.970000 27.370000 62 .35
106.200000 -7.560000 98 .35
104.000000 -7.880000 16 .35
102.960000 -4.760000 252 .35
100.490000 -1.560000 256 .35
93.920000 8.840000 324 .35
102.040000 -5.790000 23 .35
103.980000 -2.430000 247 .35
95.020000 12.400000 204 .35
95.000000 12.450000 173 .35
94.950000 12.390000 322 .35
94.970000 12.390000 175 .35
95.000000 12.440000 161 .35
94.940000 12.270000 287 .35
102.620000 -5.470000 254 .35
95.000000 12.430000 170 .35
95.880000 15.810000 122 .35
92.740000 13.460000 125 .35
94.500000 3.860000 358 .35
94.220000 4.090000 36 .35
93.810000 4.470000 233 .35
92.390000 8.470000 252 .35
93.660000 9.090000 304 .35
92.390000 12.980000 139 .35
94.110000 7.850000 243 .35
95.540000 3.030000 217 .35
93.040000 13.680000 253 .35
92.300000 8.070000 284 .35
92.680000 12.810000 318 .35
93.870000 8.550000 235 .35
92.470000 12.350000 254 .35
93.590000 10.590000 214 .35
94.260000 4.820000 239 .35
93.160000 5.600000 245 .35
93.810000 3.320000 357 .35
92.500000 11.590000 98 .35
92.150000 7.810000 280 .35
93.690000 8.550000 254 .35
93.680000 8.950000 260 .35
92.990000 9.780000 333 .35
91.890000 7.990000 235 .35
93.710000 9.450000 270 .35
93.950000 4.180000 223 .35
93.700000 9.490000 271 .35
93.770000 8.950000 248 .35
94.400000 3.610000 252 .35
92.120000 11.080000 119 .35
93.760000 9.110000 257 .35
93.090000 8.820000 91 .35
93.600000 9.610000 268 .35
92.690000 13.240000 252 .35
93.760000 7.670000 179 .35
93.690000 10.330000 173 .35
94.620000 5.230000 241 .35
93.790000 7.670000 167 .35
94.220000 4.230000 204 .35
94.260000 4.220000 250 .35
92.530000 9.030000 94 .35
92.340000 9.010000 274 .35
92.910000 6.760000 223 .35
91.990000 11.080000 166 .35
93.950000 7.640000 142 .35
94.030000 7.660000 290 .35
92.600000 7.020000 266 .35
93.920000 7.290000 298 .35
92.460000 7.030000 228 .35
91.780000 10.840000 118 .35
93.100000 4.510000 203 .35
93.300000 7.410000 74 .35
94.780000 4.050000 346 .35
93.670000 8.860000 313 .35
93.780000 4.580000 236 .35
92.560000 13.000000 154 .35
93.250000 5.600000 76 .35
91.790000 10.910000 258 .35
93.330000 5.690000 44 .35
93.560000 8.770000 268 .35
94.280000 3.320000 220 .35
93.840000 8.170000 143 .35
92.440000 14.630000 156 .35
92.390000 14.570000 157 .35
92.590000 14.570000 123 .35
93.200000 14.480000 301 .35
92.190000 13.210000 303 .35
93.350000 6.440000 84 .35
93.290000 5.660000 53 .35
92.940000 14.550000 144 .35
94.010000 7.840000 316 .35
94.180000 7.820000 306 .35
94.050000 7.930000 322 .35
93.980000 7.850000 162 .35
94.050000 7.780000 333 .35
94.020000 7.810000 260 .35
93.970000 7.730000 330 .35
93.980000 7.840000 311 .35
94.120000 7.970000 318 .35
94.110000 7.900000 322 .35
94.080000 8.010000 326 .35
94.050000 8.130000 328 .35
93.960000 8.150000 327 .35
94.050000 7.930000 333 .35
93.920000 7.850000 301 .35
94.110000 8.040000 282 .35
94.100000 7.980000 322 .35
94.140000 8.060000 315 .35
94.170000 7.960000 325 .35
94.120000 7.920000 308 .35
94.120000 8.010000 301 .35
93.950000 7.830000 274 .35
94.040000 7.960000 274 .35
94.070000 8.010000 297 .35
93.960000 7.860000 313 .35
94.060000 8.100000 73 .35
94.100000 8.000000 284 .35
94.130000 7.910000 284 .35
94.020000 7.730000 275 .35
94.100000 7.960000 284 .35
92.530000 7.310000 269 .35
94.270000 8.110000 281 .35
94.110000 8.010000 280 .35
94.210000 8.070000 275 .35
94.150000 8.060000 264 .35
94.080000 7.730000 312 .35
93.960000 8.320000 308 .35
94.270000 8.060000 278 .35
94.230000 8.140000 155 .35
94.110000 8.020000 105 .35
94.020000 8.010000 338 .35
94.060000 8.120000 265 .35
94.200000 8.130000 310 .35
94.060000 8.070000 267 .35
93.960000 9.990000 142 .35
94.140000 8.110000 152 .35
93.990000 9.990000 153 .35
94.100000 9.960000 153 .35
94.260000 8.170000 288 .35
93.960000 9.960000 164 .35
95.560000 26.120000 310 .35
94.050000 8.060000 296 .35
94.060000 8.070000 270 .35
94.290000 8.100000 330 .35
93.610000 10.220000 257 .35
93.770000 8.630000 67 .35
95.730000 3.120000 5 .35
93.540000 3.200000 221 .35
92.480000 13.060000 297 .35
97.100000 0.190000 214 .35
96.070000 2.550000 210 .35
97.910000 0.920000 170 .35
96.180000 2.520000 233 .35
96.390000 2.870000 138 .35
96.390000 2.820000 280 .35
97.160000 0.180000 92 .35
96.890000 -0.410000 171 .35
96.920000 -0.420000 189 .35
96.400000 2.890000 324 .35
93.660000 9.780000 330 .35
94.820000 4.770000 174 .35
97.170000 0.140000 48 .35
96.440000 0.450000 64 .35
97.660000 0.310000 245 .35
93.630000 10.180000 256 .35
97.280000 0.360000 198 .35
97.310000 0.310000 176 .35
97.290000 0.400000 230 .35
93.980000 7.810000 270 .35
93.710000 8.690000 268 .35
97.870000 0.800000 91 .35
93.270000 5.740000 44 .35
97.260000 0.400000 208 .35
96.250000 0.700000 237 .35
94.860000 12.320000 146 .35
93.930000 7.650000 260 .35
93.580000 10.250000 273 .35
94.190000 7.430000 321 .35
97.140000 2.430000 214 .35
91.930000 8.120000 243 .35
91.640000 8.370000 128 .35
93.560000 2.860000 273 .35
91.960000 8.020000 315 .35
97.300000 0.320000 19 .35
95.220000 4.390000 120 .35
95.790000 5.360000 66 .35
98.920000 2.450000 254 .35
92.200000 7.690000 254 .35
91.910000 8.070000 248 .35
91.910000 8.040000 246 .35
93.970000 7.650000 285 .35
95.400000 4.510000 245 .35
105.500000 -5.840000 67 .35
98.010000 0.240000 357 .35
93.750000 7.630000 268 .35
92.530000 17.560000 144 .35
95.200000 12.230000 167 .35
104.150000 -5.050000 269 .35
91.830000 10.900000 102 .35
95.980000 2.380000 233 .35
107.100000 -9.750000 168 .35
96.250000 4.000000 142 .35
94.400000 10.750000 155 .35
93.900000 10.700000 106 .35
94.280000 10.740000 168 .35
94.450000 10.790000 142 .35
94.510000 10.800000 172 .35
94.360000 10.730000 162 .35
94.530000 10.730000 171 .35
94.150000 10.560000 145 .35
94.580000 10.840000 164 .35
94.240000 10.660000 148 .35
94.330000 10.720000 170 .35
94.430000 10.710000 175 .35
94.570000 10.770000 160 .35
94.360000 10.710000 173 .35
94.360000 10.730000 165 .35
94.370000 10.790000 326 .35
94.260000 10.720000 160 .35
94.280000 10.630000 151 .35
94.260000 10.550000 165 .35
94.400000 10.690000 166 .35
94.230000 10.640000 152 .35
94.430000 10.800000 162 .35
94.300000 10.680000 161 .35
94.350000 10.720000 164 .35
97.350000 0.290000 221 .35
105.390000 -5.570000 27 .35
96.930000 0.090000 188 .35
97.170000 -0.010000 249 .35
107.760000 -9.090000 197 .35
107.650000 -9.510000 38 .35
107.830000 -9.010000 10 .35
108.320000 -9.420000 193 .35
108.770000 -9.370000 191 .35
107.660000 -9.570000 21 .35
107.860000 -9.060000 195 .35
108.750000 -9.300000 9 .35
107.620000 -9.560000 209 .35
108.890000 -9.260000 40 .35
108.780000 -9.350000 22 .35
107.960000 -9.690000 348 .35
107.740000 -9.010000 29 .35
108.620000 -9.470000 213 .35
108.540000 -9.330000 187 .35
107.530000 -9.730000 10 .35
108.610000 -9.510000 215 .35
108.550000 -9.330000 174 .35
107.640000 -9.660000 186 .35
107.580000 -9.490000 348 .35
108.410000 -9.260000 221 .35
107.320000 -9.710000 206 .35
107.360000 -9.600000 26 .35
108.090000 -9.810000 5 .35
107.590000 -9.690000 5 .35
107.530000 -9.790000 194 .35
97.180000 0.190000 231 .35
107.350000 -9.900000 230 .35
100.140000 11.820000 263 .35
95.000000 11.790000 125 .35
94.960000 11.780000 146 .35
100.180000 11.740000 254 .35
97.210000 0.910000 181 .35
97.010000 2.990000 32 .35
98.020000 2.460000 217 .35
92.530000 12.990000 270 .35
105.140000 -6.520000 8 .35
93.650000 7.670000 170 .35
100.410000 -2.240000 248 .35
96.970000 0.270000 239 .35
100.460000 -2.260000 48 .35
100.450000 -2.280000 7 .35
91.780000 8.260000 96 .35
91.820000 11.010000 69 .35
91.780000 10.890000 254 .35
91.780000 10.890000 59 .35
91.900000 10.870000 258 .35
91.680000 10.860000 275 .35
91.710000 10.850000 262 .35
91.930000 10.900000 261 .35
91.730000 11.000000 260 .35
91.640000 10.750000 261 .35
107.620000 -9.520000 199 .35
91.760000 11.020000 127 .35
91.710000 10.950000 249 .35
91.790000 10.980000 251 .35
97.920000 25.050000 145 .35
104.470000 -6.340000 112 .35
92.390000 12.940000 82 .35
100.510000 -2.220000 17 .35
91.780000 10.930000 80 .35
96.080000 15.580000 161 .35
91.660000 10.760000 252 .35
90.350000 29.810000 88 .35
90.320000 29.650000 303 .35
91.710000 10.830000 260 .35
93.640000 8.660000 109 .35
92.220000 7.660000 238 .35
97.030000 0.110000 261 .35
92.820000 13.730000 286 .35
94.960000 11.800000 288 .35
95.990000 15.580000 157 .35
91.690000 10.670000 260 .35
93.620000 9.050000 262 .35
95.000000 12.140000 141 .35
94.830000 12.030000 163 .35
96.710000 0.300000 238 .35
94.320000 10.700000 149 .35
94.290000 10.750000 164 .35
94.370000 10.770000 162 .35
94.400000 10.710000 164 .35
94.650000 11.280000 184 .35
94.330000 10.640000 165 .35
94.390000 10.750000 170 .35
94.320000 10.670000 171 .35
94.190000 10.610000 167 .35
94.210000 10.660000 136 .35
94.340000 10.700000 162 .35
94.290000 10.730000 166 .35
94.310000 10.690000 169 .35
94.240000 10.740000 165 .35
94.200000 10.640000 164 .35
94.290000 10.760000 167 .35
94.320000 10.660000 164 .35
94.350000 10.740000 161 .35
94.190000 10.610000 164 .35
94.180000 10.670000 127 .35
94.230000 10.590000 163 .35
94.330000 10.600000 143 .35
94.120000 10.590000 149 .35
94.180000 10.640000 136 .35
92.890000 14.100000 130 .35
93.720000 9.020000 280 .35
93.020000 13.960000 137 .35
96.970000 0.270000 201 .35
92.970000 14.030000 309 .35
86.010000 29.490000 270 .35
107.510000 -9.290000 13 .35
97.110000 0.120000 210 .35
93.170000 19.400000 89 .35
93.180000 14.420000 324 .35
91.890000 7.790000 236 .35
108.090000 -8.020000 191 .35
95.350000 14.000000 131 .35
95.770000 13.420000 176 .35
92.820000 13.610000 270 .35
105.000000 -6.530000 150 .35
99.750000 -3.690000 7 .35
99.670000 -3.490000 55 .35
99.570000 -3.460000 38 .35
99.860000 -3.530000 23 .35
99.580000 -3.550000 42 .35
99.650000 -3.670000 27 .35
100.130000 1.190000 275 .35
90.340000 29.790000 246 .35
99.040000 2.690000 244 .35
94.110000 10.620000 169 .35
104.070000 -8.270000 230 .35
107.690000 -9.850000 217 .35
107.650000 -9.980000 203 .35
92.460000 9.640000 288 .35
96.750000 1.140000 224 .35
96.780000 1.170000 205 .35
96.990000 0.250000 191 .35
97.890000 2.960000 230 .35
95.780000 12.990000 168 .35
93.860000 7.800000 251 .35
93.850000 7.730000 256 .35
94.020000 7.720000 240 .35
92.900000 6.310000 59 .35
99.560000 1.850000 297 .35
93.690000 8.570000 261 .35
92.830000 3.390000 256 .35
93.880000 8.830000 307 .35
100.780000 27.770000 89 .35
88.010000 29.910000 261 .35
88.040000 29.950000 242 .35
96.300000 4.860000 235 .35
93.620000 10.460000 167 .35
99.270000 24.650000 134 .35
99.810000 25.980000 97 .35
99.780000 25.950000 116 .35
99.500000 -3.950000 23 .35
91.250000 9.380000 265 .35
97.910000 29.980000 356 .35
95.850000 1.180000 208 .35
99.330000 28.220000 204 .35
99.090000 28.400000 184 .35
100.740000 -2.070000 349 .35
99.380000 28.230000 194 .35
99.340000 28.220000 196 .35
99.500000 28.250000 25 .35
99.550000 28.290000 41 .35
93.070000 14.290000 306 .35
95.150000 12.400000 171 .35
100.570000 25.500000 225 .35
109.260000 -7.990000 20 .35
95.060000 12.280000 168 .35
99.070000 2.840000 274 .35
98.390000 0.630000 26 .35
95.210000 12.440000 151 .35
85.500000 29.280000 256 .35
100.030000 1.120000 276 .35
95.560000 6.000000 255 .35
95.220000 12.520000 147 .35
94.420000 20.780000 255 .35
94.330000 7.430000 295 .35
96.150000 2.770000 15 .35
96.100000 2.590000 268 .35
96.960000 0.200000 218 .35
92.850000 14.070000 276 .35
92.950000 14.120000 275 .35
94.990000 12.300000 293 .35
85.830000 28.240000 88 .35
84.870000 27.800000 216 .35
97.2513 1.3546 212.43 .35
97.900000 1.540000 215 .35
95.9397 3.8705 212.22 .35
103.570000 -5.980000 257 .35
99.570000 25.090000 305 .35
98.890000 0.790000 252 .35
99.290000 -0.480000 217 .35
93.690000 10.220000 202 .35
101.790000 -6.860000 251 .35
99.570000 26.080000 60 .35
87.510000 28.480000 248 .35
87.530000 28.450000 239 .35
87.480000 28.570000 256 .35
100.670000 -2.100000 244 .35
100.380000 -6.060000 263 .35
108.160000 -4.860000 255 .35
98.140000 1.530000 225 .35
94.970000 12.200000 350 .35
98.510000 3.350000 275 .35
98.450000 3.280000 238 .35
101.540000 -3.040000 255 .35
99.520000 0.600000 316 .35
99.190000 1.480000 261 .35
99.1495 1.4122 207.61 .35
95.120000 6.310000 298 .35
103.970000 -8.150000 57 .35
91.890000 1.170000 261 .35
91.890000 12.780000 165 .35
95.080000 11.980000 158 .35
108.050000 29.360000 123 .35
92.420000 8.440000 228 .35
91.770000 8.250000 124 .35
91.860000 8.340000 293 .35
96.790000 -0.170000 223 .35
108.380000 -4.980000 254 .35
92.500000 13.160000 291 .35
96.470000 14.540000 162 .35
105.380000 -8.840000 236 .35
97.000000 0.220000 217 .35
102.350000 -2.680000 270 .35
95.880000 3.940000 317 .35
105.800000 -6.760000 286 .35
93.040000 14.110000 158 .35
95.160000 11.150000 74 .35
95.420000 13.130000 146 .35
108.600000 -9.510000 222 .35
92.990000 13.890000 274 .35
92.960000 13.870000 260 .35
98.460000 0.650000 316 .35
94.540000 18.470000 237 .35
92.960000 11.290000 290 .35
93.440000 20.520000 285 .35
91.800000 28.770000 259 .35
99.620000 -3.450000 222 .35
106.680000 -6.780000 159 .35
97.250000 3.870000 213 .35
87.310000 28.590000 94 .35
92.970000 9.370000 315 .35
