95.770000 4.240000 348 .35
100.830000 -2.270000 138 .35
95.450000 4.220000 83 .35
97.290000 -0.930000 92 .35
100.550000 -6.280000 38 .35
87.480000 26.740000 89 .35
94.820000 18.110000 91 .35
107.660000 -7.130000 1 .35
97.980000 25.150000 63 .35
94.030000 7.560000 289 .35
100.370000 26.570000 257 .35
99.850000 26.360000 56 .35
96.130000 2.940000 209 .35
101.670000 -6.680000 18 .35
94.940000 5.450000 79 .35
94.340000 22.050000 146 .35
93.170000 7.920000 109 .35
95.080000 4.720000 92 .35
94.430000 22.040000 19 .35
95.480000 12.790000 111 .35
95.020000 11.880000 133 .35
97.180000 3.550000 40 .35
94.680000 11.360000 149 .35
94.640000 11.090000 4 .35
94.680000 11.240000 141 .35
94.570000 11.000000 143 .35
94.600000 10.940000 164 .35
94.800000 10.830000 144 .35
94.590000 10.840000 147 .35
94.620000 10.820000 144 .35
94.570000 10.900000 156 .35
94.740000 10.910000 6 .35
94.800000 10.830000 142 .35
94.690000 10.990000 161 .35
106.930000 -4.350000 26 .35
98.490000 1.380000 333 .35
100.170000 26.170000 240 .35
94.620000 7.830000 173 .35
96.350000 15.150000 152 .35
99.940000 -0.690000 34 .35
100.910000 29.360000 310 .35
94.840000 4.150000 86 .35
90.270000 29.770000 111 .35
95.090000 18.380000 24 .35
94.250000 22.050000 43 .35
97.240000 29.930000 158 .35
94.400000 20.300000 78 .35
95.240000 4.780000 326 .35
90.030000 29.120000 240 .35
99.240000 29.980000 183 .35
108.420000 -6.650000 267 .35
93.720000 21.150000 106 .35
93.800000 21.220000 123 .35
103.790000 -5.940000 345 .35
93.580000 12.220000 187 .35
95.960000 3.740000 42 .35
94.590000 20.910000 69 .35
93.670000 21.060000 101 .35
90.170000 29.590000 280 .35
94.360000 20.350000 97 .35
97.660000 3.060000 25 .35
95.090000 12.140000 102 .35
87.280000 29.010000 71 .35
87.350000 29.030000 70 .35
94.970000 11.960000 104 .35
99.640000 28.000000 50 .35
97.220000 25.200000 16 .35
97.610000 -1.110000 55 .35
94.150000 20.540000 130 .35
97.500000 -1.010000 189 .35
94.340000 10.570000 6 .35
94.390000 10.520000 144 .35
99.540000 19.450000 334 .35
102.250000 -4.660000 345 .35
93.780000 10.210000 244 .35
97.870000 1.300000 359 .35
108.920000 -5.220000 231 .35
95.390000 3.720000 30 .35
99.060000 2.640000 71 .35
100.340000 27.300000 270 .35
100.380000 27.050000 268 .35
100.420000 27.250000 42 .35
92.200000 28.330000 282 .35
88.190000 29.920000 85 .35
100.370000 27.220000 231 .35
105.570000 -6.200000 78 .35
108.400000 -5.030000 31 .35
97.950000 1.660000 358 .35
97.330000 2.880000 5 .35
100.390000 27.000000 63 .35
85.380000 29.080000 291 .35
101.010000 -6.200000 46 .35
99.620000 -1.950000 129 .35
88.120000 29.950000 49 .35
101.020000 27.270000 242 .35
94.680000 23.740000 356 .35
95.280000 4.030000 3 .35
93.720000 23.310000 317 .35
109.150000 -9.910000 63 .35
101.530000 -2.890000 190 .35
105.560000 -6.840000 107 .35
105.650000 -6.750000 242 .35
102.890000 -5.610000 230 .35
102.680000 -5.550000 51 .35
102.600000 -5.020000 299 .35
102.700000 -5.410000 163 .35
106.850000 -6.680000 260 .35
103.300000 -5.890000 283 .35
103.280000 -5.890000 282 .35
101.130000 29.510000 2 .35
93.690000 23.900000 50 .35
102.700000 -5.210000 314 .35
103.340000 -5.280000 143 .35
92.380000 18.900000 3 .35
94.360000 5.360000 241 .35
101.920000 -5.110000 104 .35
102.040000 -4.330000 11 .35
101.210000 -2.880000 74 .35
86.75 27.73 130 .35
86.52 28.52 300 .35
89 26.26 147 .35
87.75 27.81 101 .35
93.530000 21.180000 220 .35
93.760000 17.210000 194 .35
94.510000 19.380000 70 .35
97.720000 4.110000 341 .35
95.610000 12.950000 155 .35
98.910000 1.140000 42 .35
102.180000 -5.440000 112 .35
101.010000 29.480000 331 .35
102.460000 -5.080000 54 .35
102.040000 -3.610000 277 .35
103.970000 27.370000 160 .35
106.200000 -7.560000 237 .35
104.000000 -7.880000 224 .35
102.960000 -4.760000 11 .35
100.490000 -1.560000 134 .35
93.920000 8.840000 73 .35
102.040000 -5.790000 252 .35
103.980000 -2.430000 18 .35
95.020000 12.400000 309 .35
95.000000 12.450000 292 .35
94.950000 12.390000 127 .35
94.970000 12.390000 297 .35
95.000000 12.440000 300 .35
94.940000 12.270000 164 .35
102.620000 -5.470000 6 .35
95.000000 12.430000 287 .35
95.880000 15.810000 5 .35
92.740000 13.460000 271 .35
94.500000 3.860000 199 .35
94.220000 4.090000 214 .35
93.810000 4.470000 6 .35
92.390000 8.470000 49 .35
93.660000 9.090000 83 .35
92.390000 12.980000 269 .35
94.110000 7.850000 133 .35
95.540000 3.030000 84 .35
93.040000 13.680000 157 .35
92.300000 8.070000 65 .35
92.680000 12.810000 163 .35
93.870000 8.550000 125 .35
92.470000 12.350000 101 .35
93.590000 10.590000 92 .35
94.260000 4.820000 9 .35
93.160000 5.600000 88 .35
93.810000 3.320000 225 .35
92.500000 11.590000 292 .35
92.150000 7.810000 35 .35
93.690000 8.550000 87 .35
93.680000 8.950000 88 .35
92.990000 9.780000 185 .35
91.890000 7.990000 92 .35
93.710000 9.450000 109 .35
93.950000 4.180000 57 .35
93.700000 9.490000 109 .35
93.770000 8.950000 115 .35
94.400000 3.610000 9 .35
92.120000 11.080000 247 .35
93.760000 9.110000 130 .35
93.090000 8.820000 188 .35
93.600000 9.610000 120 .35
92.690000 13.240000 153 .35
93.760000 7.670000 317 .35
93.690000 10.330000 323 .35
94.620000 5.230000 346 .35
93.790000 7.670000 349 .35
94.220000 4.230000 54 .35
94.260000 4.220000 97 .35
92.530000 9.030000 231 .35
92.340000 9.010000 22 .35
92.910000 6.760000 79 .35
91.990000 11.080000 277 .35
93.950000 7.640000 268 .35
94.030000 7.660000 107 .35
92.600000 7.020000 77 .35
93.920000 7.290000 192 .35
92.460000 7.030000 115 .35
91.780000 10.840000 271 .35
93.100000 4.510000 92 .35
93.300000 7.410000 202 .35
94.780000 4.050000 180 .35
93.670000 8.860000 109 .35
93.780000 4.580000 1 .35
92.560000 13.000000 302 .35
93.250000 5.600000 237 .35
91.790000 10.910000 121 .35
93.330000 5.690000 249 .35
93.560000 8.770000 128 .35
94.280000 3.320000 10 .35
93.840000 8.170000 289 .35
92.440000 14.630000 264 .35
92.390000 14.570000 271 .35
92.590000 14.570000 315 .35
93.200000 14.480000 181 .35
92.190000 13.210000 126 .35
93.350000 6.440000 264 .35
93.290000 5.660000 243 .35
92.940000 14.550000 284 .35
94.010000 7.840000 68 .35
94.180000 7.820000 58 .35
94.050000 7.930000 69 .35
93.980000 7.850000 279 .35
94.050000 7.780000 72 .35
94.020000 7.810000 150 .35
93.970000 7.730000 91 .35
93.980000 7.840000 65 .35
94.120000 7.970000 97 .35
94.110000 7.900000 99 .35
94.080000 8.010000 75 .35
94.050000 8.130000 112 .35
93.960000 8.150000 77 .35
94.050000 7.930000 101 .35
93.920000 7.850000 121 .35
94.110000 8.040000 145 .35
94.100000 7.980000 80 .35
94.140000 8.060000 76 .35
94.170000 7.960000 108 .35
94.120000 7.920000 114 .35
94.120000 8.010000 112 .35
93.950000 7.830000 151 .35
94.040000 7.960000 154 .35
94.070000 8.010000 127 .35
93.960000 7.860000 57 .35
94.060000 8.100000 315 .35
94.100000 8.000000 143 .35
94.130000 7.910000 129 .35
94.020000 7.730000 134 .35
94.100000 7.960000 138 .35
92.530000 7.310000 17 .35
94.270000 8.110000 139 .35
94.110000 8.010000 132 .35
94.210000 8.070000 146 .35
94.150000 8.060000 152 .35
94.080000 7.730000 55 .35
93.960000 8.320000 121 .35
94.270000 8.060000 155 .35
94.230000 8.140000 282 .35
94.110000 8.020000 334 .35
94.020000 8.010000 108 .35
94.060000 8.120000 149 .35
94.200000 8.130000 177 .35
94.060000 8.070000 149 .35
93.960000 9.990000 294 .35
94.140000 8.110000 294 .35
93.990000 9.990000 304 .35
94.100000 9.960000 299 .35
94.260000 8.170000 144 .35
93.960000 9.960000 287 .35
95.560000 26.120000 196 .35
94.050000 8.060000 131 .35
94.060000 8.070000 153 .35
94.290000 8.100000 94 .35
93.610000 10.220000 133 .35
93.770000 8.630000 279 .35
95.730000 3.120000 192 .35
93.540000 3.200000 90 .35
92.480000 13.060000 126 .35
97.100000 0.190000 73 .35
96.070000 2.550000 77 .35
97.910000 0.920000 350 .35
96.180000 2.520000 104 .35
96.390000 2.870000 309 .35
96.390000 2.820000 142 .35
97.160000 0.180000 216 .35
96.890000 -0.410000 13 .35
96.920000 -0.420000 11 .35
96.400000 2.890000 119 .35
93.660000 9.780000 94 .35
94.820000 4.770000 321 .35
97.170000 0.140000 246 .35
96.440000 0.450000 247 .35
97.660000 0.310000 88 .35
93.630000 10.180000 129 .35
97.280000 0.360000 62 .35
97.310000 0.310000 64 .35
97.290000 0.400000 50 .35
93.980000 7.810000 129 .35
93.710000 8.690000 137 .35
97.870000 0.800000 248 .35
93.270000 5.740000 258 .35
97.260000 0.400000 54 .35
96.250000 0.700000 63 .35
94.860000 12.320000 350 .35
93.930000 7.650000 145 .35
93.580000 10.250000 130 .35
94.190000 7.430000 71 .35
97.140000 2.430000 99 .35
91.930000 8.120000 117 .35
91.640000 8.370000 263 .35
93.560000 2.860000 22 .35
91.960000 8.020000 91 .35
97.300000 0.320000 255 .35
95.220000 4.390000 317 .35
95.790000 5.360000 273 .35
98.920000 2.450000 136 .35
92.200000 7.690000 103 .35
91.910000 8.070000 113 .35
91.910000 8.040000 106 .35
93.970000 7.650000 99 .35
95.400000 4.510000 0 .35
105.500000 -5.840000 263 .35
98.010000 0.240000 103 .35
93.750000 7.630000 139 .35
92.530000 17.560000 275 .35
95.200000 12.230000 285 .35
104.150000 -5.050000 118 .35
91.830000 10.900000 269 .35
95.980000 2.380000 95 .35
107.100000 -9.750000 14 .35
96.250000 4.000000 284 .35
94.400000 10.750000 355 .35
93.900000 10.700000 333 .35
94.280000 10.740000 328 .35
94.450000 10.790000 359 .35
94.510000 10.800000 330 .35
94.360000 10.730000 353 .35
94.530000 10.730000 344 .35
94.150000 10.560000 339 .35
94.580000 10.840000 351 .35
94.240000 10.660000 21 .35
94.330000 10.720000 342 .35
94.430000 10.710000 330 .35
94.570000 10.770000 349 .35
94.360000 10.710000 337 .35
94.360000 10.730000 346 .35
94.370000 10.790000 176 .35
94.260000 10.720000 336 .35
94.280000 10.630000 329 .35
94.260000 10.550000 311 .35
94.400000 10.690000 340 .35
94.230000 10.640000 310 .35
94.430000 10.800000 341 .35
94.300000 10.680000 348 .35
94.350000 10.720000 356 .35
97.350000 0.290000 81 .35
105.390000 -5.570000 250 .35
96.930000 0.090000 47 .35
97.170000 -0.010000 35 .35
107.760000 -9.090000 37 .35
107.650000 -9.510000 184 .35
107.830000 -9.010000 199 .35
108.320000 -9.420000 10 .35
108.770000 -9.370000 43 .35
107.660000 -9.570000 188 .35
107.860000 -9.060000 0 .35
108.750000 -9.300000 210 .35
107.620000 -9.560000 1 .35
108.890000 -9.260000 203 .35
108.780000 -9.350000 209 .35
107.960000 -9.690000 224 .35
107.740000 -9.010000 184 .35
108.620000 -9.470000 20 .35
108.540000 -9.330000 38 .35
107.530000 -9.730000 218 .35
108.610000 -9.510000 349 .35
108.550000 -9.330000 11 .35
107.640000 -9.660000 53 .35
107.580000 -9.490000 224 .35
108.410000 -9.260000 4 .35
107.320000 -9.710000 25 .35
107.360000 -9.600000 209 .35
108.090000 -9.810000 211 .35
107.590000 -9.690000 225 .35
107.530000 -9.790000 39 .35
97.180000 0.190000 47 .35
107.350000 -9.900000 8 .35
100.140000 11.820000 101 .35
95.000000 11.790000 314 .35
94.960000 11.780000 291 .35
100.180000 11.740000 81 .35
97.210000 0.910000 340 .35
97.010000 2.990000 219 .35
98.020000 2.460000 45 .35
92.530000 12.990000 148 .35
105.140000 -6.520000 220 .35
93.650000 7.670000 330 .35
100.410000 -2.240000 32 .35
96.970000 0.270000 35 .35
100.460000 -2.260000 229 .35
100.450000 -2.280000 234 .35
91.780000 8.260000 276 .35
91.820000 11.010000 312 .35
91.780000 10.890000 126 .35
91.780000 10.890000 275 .35
91.900000 10.870000 117 .35
91.680000 10.860000 110 .35
91.710000 10.850000 135 .35
91.930000 10.900000 116 .35
91.730000 11.000000 147 .35
91.640000 10.750000 126 .35
107.620000 -9.520000 33 .35
91.760000 11.020000 258 .35
91.710000 10.950000 128 .35
91.790000 10.980000 128 .35
97.920000 25.050000 291 .35
104.470000 -6.340000 220 .35
92.390000 12.940000 332 .35
100.510000 -2.220000 237 .35
91.780000 10.930000 306 .35
96.080000 15.580000 303 .35
91.660000 10.760000 116 .35
90.350000 29.810000 314 .35
90.320000 29.650000 83 .35
91.710000 10.830000 126 .35
93.640000 8.660000 263 .35
92.220000 7.660000 122 .35
97.030000 0.110000 10 .35
92.820000 13.730000 183 .35
94.960000 11.800000 164 .35
95.990000 15.580000 303 .35
91.690000 10.670000 124 .35
93.620000 9.050000 118 .35
95.000000 12.140000 315 .35
94.830000 12.030000 279 .35
96.710000 0.300000 38 .35
94.320000 10.700000 355 .35
94.290000 10.750000 334 .35
94.370000 10.770000 334 .35
94.400000 10.710000 341 .35
94.650000 11.280000 321 .35
94.330000 10.640000 340 .35
94.390000 10.750000 335 .35
94.320000 10.670000 335 .35
94.190000 10.610000 330 .35
94.210000 10.660000 347 .35
94.340000 10.700000 351 .35
94.290000 10.730000 334 .35
94.310000 10.690000 325 .35
94.240000 10.740000 332 .35
94.200000 10.640000 329 .35
94.290000 10.760000 335 .35
94.320000 10.660000 337 .35
94.350000 10.740000 338 .35
94.190000 10.610000 336 .35
94.180000 10.670000 332 .35
94.230000 10.590000 326 .35
94.330000 10.600000 355 .35
94.120000 10.590000 325 .35
94.180000 10.640000 309 .35
92.890000 14.100000 309 .35
93.720000 9.020000 93 .35
93.020000 13.960000 279 .35
96.970000 0.270000 74 .35
92.970000 14.030000 148 .35
86.010000 29.490000 88 .35
107.510000 -9.290000 229 .35
97.110000 0.120000 67 .35
93.170000 19.400000 223 .35
93.180000 14.420000 108 .35
91.890000 7.790000 106 .35
108.090000 -8.020000 91 .35
95.350000 14.000000 337 .35
95.770000 13.420000 310 .35
92.820000 13.610000 160 .35
105.000000 -6.530000 285 .35
99.750000 -3.690000 244 .35
99.670000 -3.490000 233 .35
99.570000 -3.460000 226 .35
99.860000 -3.530000 225 .35
99.580000 -3.550000 243 .35
99.650000 -3.670000 237 .35
100.130000 1.190000 15 .35
90.340000 29.790000 109 .35
99.040000 2.690000 142 .35
94.110000 10.620000 275 .35
104.070000 -8.270000 7 .35
107.690000 -9.850000 8 .35
107.650000 -9.980000 11 .35
92.460000 9.640000 58 .35
96.750000 1.140000 65 .35
96.780000 1.170000 61 .35
96.990000 0.250000 58 .35
97.890000 2.960000 11 .35
95.780000 12.990000 281 .35
93.860000 7.800000 129 .35
93.850000 7.730000 119 .35
94.020000 7.720000 132 .35
92.900000 6.310000 247 .35
99.560000 1.850000 152 .35
93.690000 8.570000 119 .35
92.830000 3.390000 111 .35
93.880000 8.830000 80 .35
100.780000 27.770000 223 .35
88.010000 29.910000 89 .35
88.040000 29.950000 110 .35
96.300000 4.860000 93 .35
93.620000 10.460000 335 .35
99.270000 24.650000 259 .35
99.810000 25.980000 247 .35
99.780000 25.950000 242 .35
99.500000 -3.950000 244 .35
91.250000 9.380000 108 .35
97.910000 29.980000 125 .35
95.850000 1.180000 70 .35
99.330000 28.220000 336 .35
99.090000 28.400000 14 .35
100.740000 -2.070000 232 .35
99.380000 28.230000 7 .35
99.340000 28.220000 41 .35
99.500000 28.250000 185 .35
99.550000 28.290000 180 .35
93.070000 14.290000 166 .35
95.150000 12.400000 285 .35
100.570000 25.500000 70 .35
109.260000 -7.990000 192 .35
95.060000 12.280000 286 .35
99.070000 2.840000 99 .35
98.390000 0.630000 286 .35
95.210000 12.440000 298 .35
85.500000 29.280000 112 .35
100.030000 1.120000 23 .35
95.560000 6.000000 138 .35
95.220000 12.520000 314 .35
94.420000 20.780000 7 .35
94.330000 7.430000 71 .35
96.150000 2.770000 221 .35
96.100000 2.590000 18 .35
96.960000 0.200000 78 .35
92.850000 14.070000 163 .35
92.950000 14.120000 151 .35
94.990000 12.300000 151 .35
85.830000 28.240000 249 .35
84.870000 27.800000 111 .35
97.2513 1.3546 51.98 .35
97.900000 1.540000 326 .35
95.9397 3.8705 118.28 .35
103.570000 -5.980000 16 .35
99.570000 25.090000 87 .35
98.890000 0.790000 37 .35
99.290000 -0.480000 332 .35
93.690000 10.220000 317 .35
101.790000 -6.860000 35 .35
99.570000 26.080000 284 .35
87.510000 28.480000 99 .35
87.530000 28.450000 113 .35
87.480000 28.570000 85 .35
100.670000 -2.100000 16 .35
100.380000 -6.060000 21 .35
108.160000 -4.860000 27 .35
98.140000 1.530000 42 .35
94.970000 12.200000 116 .35
98.510000 3.350000 35 .35
98.450000 3.280000 91 .35
101.540000 -3.040000 160 .35
99.520000 0.600000 80 .35
99.190000 1.480000 68 .35
99.1495 1.4122 86.69 .35
95.120000 6.310000 44 .35
103.970000 -8.150000 203 .35
91.890000 1.170000 119 .35
91.890000 12.780000 285 .35
95.080000 11.980000 307 .35
108.050000 29.360000 327 .35
92.420000 8.440000 105 .35
91.770000 8.250000 258 .35
91.860000 8.340000 88 .35
96.790000 -0.170000 54 .35
108.380000 -4.980000 37 .35
92.500000 13.160000 156 .35
96.470000 14.540000 312 .35
105.380000 -8.840000 51 .35
97.000000 0.220000 71 .35
102.350000 -2.680000 9 .35
95.880000 3.940000 196 .35
105.800000 -6.760000 178 .35
93.040000 14.110000 283 .35
95.160000 11.150000 294 .35
95.420000 13.130000 319 .35
108.600000 -9.510000 6 .35
92.990000 13.890000 156 .35
92.960000 13.870000 156 .35
98.460000 0.650000 66 .35
94.540000 18.470000 348 .35
92.960000 11.290000 172 .35
93.440000 20.520000 74 .35
91.800000 28.770000 98 .35
99.620000 -3.450000 72 .35
106.680000 -6.780000 276 .35
97.250000 3.870000 91 .35
87.310000 28.590000 255 .35
92.970000 9.370000 199 .35
