96.320000 3.400000 241 17
97.070000 26.680000 55 0
99.860000 1.580000 334 7
101.980000 -4.440000 216 25
98.680000 0.670000 223 35
101.490000 -3.100000 217 25
102.230000 -4.600000 216 31
107.640000 -8.170000 88 11
107.570000 -7.760000 190 22
107.090000 -6.570000 319 24
102.020000 -4.350000 211 23
93.020000 12.800000 69 10
93.070000 12.860000 68 9
102.890000 -4.230000 205 22
94.720000 23.090000 274 21
103.970000 -5.850000 219 21
102.810000 -5.120000 208 30
102.360000 -5.060000 208 36
84.280000 -0.910000 342 11
102.410000 -4.020000 215 26
93.690000 20.890000 23 16
101.250000 -4.080000 219 38
96.330000 5.230000 349 19
98.130000 -1.240000 232 35
98.220000 -1.210000 235 32
98.250000 -0.390000 222 41
100.960000 -1.080000 343 4
94.720000 24.500000 348 21
94.410000 7.310000 336 32
95.260000 24.900000 308 17
98.760000 -4.430000 125 7
102.320000 -6.370000 212 40
108.860000 -8.710000 187 20
103.040000 -5.710000 197 34
106.040000 -7.210000 196 19
108.250000 -7.660000 303 5
102.020000 -4.440000 219 30
97.040000 27.090000 42 4
92.610000 6.700000 254 19
100.100000 0.610000 333 13
103.170000 -5.590000 289 31
108.790000 -8.080000 305 10
101.200000 -2.790000 211 28
81.260000 29.330000 188 20
81.090000 29.600000 199 24
94.700000 15.870000 27 5
102.410000 -5.130000 214 32
103.120000 -5.370000 210 31
93.900000 22.720000 85 30
97.310000 0.150000 240 28
98.070000 2.060000 214 22
102.910000 -5.430000 207 26
102.930000 -5.420000 197 23
95.380000 24.940000 52 2
94.590000 22.960000 210 34
95.130000 22.490000 242 15
106.460000 -8.810000 204 34
92.910000 12.140000 50 28
100.590000 -1.530000 226 16
102.420000 -6.180000 230 37
97.780000 4.400000 236 3
101.920000 -4.600000 267 26
97.020000 2.480000 221 27
86.350000 18.660000 207 2
103.160000 -4.740000 205 28
103.050000 -4.740000 223 13
108.650000 -7.450000 308 2
107.190000 -8.090000 192 22
92.990000 11.690000 216 9
101.260000 -3.160000 216 18
102.990000 -6.750000 219 6
93.640000 12.950000 235 7
94.810000 5.730000 143 1
99.070000 14.950000 356 12
99.080000 14.930000 5 23
99.600000 -1.810000 196 41
103.230000 -4.730000 231 8
94.780000 5.720000 325 8
105.630000 -6.750000 183 17
87.490000 3.250000 0 30
95.200000 24.570000 229 5
103.540000 -4.660000 147 7
103.170000 -5.830000 208 31
104.030000 -6.360000 197 26
102.450000 -5.080000 225 18
103.570000 -7.130000 234 28
94.650000 24.500000 343 30
106.910000 -7.710000 201 22
105.340000 -6.630000 156 10
100.030000 -1.020000 231 16
98.920000 0.990000 337 33
98.040000 0.190000 221 36
107.970000 -7.940000 186 16
92.840000 24.600000 239 4
98.830000 1.640000 357 14
104.540000 -5.900000 193 24
105.470000 -6.620000 186 28
96.050000 26.180000 256 10
107.980000 -7.720000 185 29
95.130000 29.160000 34 37
107.100000 -6.890000 220 44
104.240000 -6.240000 205 18
99.900000 -0.850000 234 14
94.570000 22.890000 324 21
95.000000 4.400000 11 17
106.450000 -7.320000 268 28
93.510000 9.090000 346 16
98.040000 2.050000 234 11
93.360000 13.050000 266 25
96.290000 26.760000 270 7
102.700000 -4.290000 200 15
105.440000 -6.520000 230 14
102.060000 -4.610000 204 30
104.900000 -6.270000 204 29
94.440000 23.060000 9 14
105.260000 -7.910000 195 29
104.260000 -5.760000 206 9
99.120000 0.960000 286 32
102.750000 -4.500000 189 26
93.460000 11.030000 354 19
94.480000 4.660000 23 14
98.230000 -1.110000 234 37
103.380000 -4.640000 204 17
95.120000 25.140000 217 5
100.750000 -1.340000 252 34
95.160000 25.330000 232 12
107.190000 -7.740000 31 4
86.610000 26.780000 207 40
95.140000 25.310000 16 12
101.920000 -5.010000 215 32
85.540000 27.700000 205 16
99.420000 23.380000 65 2
97.160000 1.870000 212 43
102.890000 -5.520000 194 19
92.370000 24.360000 265 43
101.470000 -4.290000 214 40
101.430000 -4.220000 211 27
101.390000 -4.210000 217 40
102.990000 -5.470000 233 6
101.390000 -4.180000 197 25
87.000000 -3.880000 159 22
102.030000 -4.470000 210 17
94.580000 22.800000 337 19
96.150000 2.710000 229 21
102.760000 -5.060000 246 34
92.210000 -8.550000 125 18
102.930000 -4.430000 211 15
106.530000 -8.750000 20 29
95.280000 24.750000 16 20
96.100000 3.850000 223 18
109.070000 -8.110000 194 27
108.110000 -6.930000 25 14
95.330000 3.740000 57 11
105.320000 -6.550000 185 3
98.410000 -0.440000 203 28
102.400000 -3.960000 196 23
100.930000 -3.470000 199 25
108.860000 -8.660000 185 10
97.190000 3.730000 28 5
97.380000 3.910000 15 18
98.710000 0.590000 217 16
84.610000 -2.860000 6 27
102.360000 -3.980000 199 20
82.810000 -3.420000 356 28
103.910000 -6.010000 193 25
102.510000 -5.490000 185 16
104.860000 -6.010000 175 2
99.920000 -1.120000 232 26
93.850000 12.480000 333 27
95.420000 3.800000 33 2
102.880000 -4.240000 198 15
102.070000 -3.610000 199 19
93.090000 24.670000 206 7
103.180000 -4.920000 200 18
86.980000 9.270000 175 6
109.120000 -7.150000 64 9
103.150000 -5.770000 207 23
103.220000 -5.680000 187 27
95.240000 24.820000 216 22
104.570000 -4.300000 326 18
94.910000 24.300000 214 4
103.070000 -5.410000 208 36
103.020000 -5.500000 199 40
104.350000 -6.110000 210 22
103.010000 -5.360000 211 28
102.860000 -5.570000 214 40
101.820000 -3.070000 345 20
84.960000 -3.070000 13 13
93.620000 11.620000 271 14
106.950000 -8.110000 192 27
102.990000 -5.790000 176 28
101.960000 -4.860000 206 31
102.400000 -4.070000 199 19
99.680000 -1.620000 208 33
94.720000 6.530000 159 5
102.600000 -4.320000 156 19
96.160000 2.940000 221 36
102.900000 -5.240000 198 23
92.510000 11.790000 260 20
98.020000 1.920000 211 23
106.130000 -7.090000 182 19
98.680000 -0.560000 213 27
103.740000 -4.820000 310 5
99.810000 -2.010000 208 26
99.800000 -2.000000 218 37
99.720000 -2.060000 215 33
99.580000 -2.070000 216 39
99.540000 -1.860000 209 37
104.440000 -5.800000 200 27
109.060000 -8.000000 184 22
107.550000 -5.920000 188 29
101.470000 -3.140000 207 36
95.220000 24.720000 0 14
104.930000 -6.210000 193 28
96.270000 3.030000 209 23
97.620000 4.220000 180 32
104.600000 -5.900000 191 22
103.850000 29.090000 272 5
106.570000 -7.310000 191 32
95.870000 3.000000 217 18
105.080000 -6.400000 130 2
95.330000 25.010000 209 9
95.140000 25.260000 31 15
96.210000 2.980000 215 18
103.940000 -5.700000 178 25
106.290000 -6.980000 202 17
103.230000 -4.930000 210 23
95.940000 3.090000 216 22
101.930000 -4.540000 209 24
102.820000 -4.270000 202 20
99.680000 -2.020000 209 34
99.620000 -1.960000 207 26
96.070000 2.780000 223 17
92.640000 24.500000 34 14
107.490000 -7.940000 195 17
103.190000 -4.740000 197 20
104.100000 -6.230000 218 27
80.530000 29.840000 206 27
105.510000 -6.610000 197 20
102.140000 -3.370000 167 29
101.550000 -3.150000 218 25
99.740000 -1.870000 210 28
80.040000 23.080000 164 23
97.600000 1.070000 220 28
97.600000 1.070000 222 31
94.880000 21.820000 162 23
93.160000 23.890000 280 34
99.910000 -1.970000 210 25
102.840000 -4.450000 197 27
104.010000 -6.380000 206 22
103.190000 -4.960000 209 16
94.200000 6.880000 354 25
92.700000 22.210000 21 28
99.260000 -0.540000 218 24
99.480000 -2.230000 205 36
99.630000 -2.190000 210 35
104.060000 -6.310000 198 19
102.190000 -4.250000 188 27
103.070000 -4.690000 207 22
107.200000 -7.580000 188 18
106.950000 -7.770000 135 11
92.810000 27.770000 122 21
106.870000 -6.380000 311 8
92.510000 11.050000 246 34
102.960000 -5.160000 203 27
104.260000 -5.900000 212 29
107.860000 -7.610000 327 1
103.030000 -4.480000 194 21
101.960000 -4.760000 215 26
99.230000 -0.240000 222 13
104.720000 -6.470000 191 22
103.860000 -5.970000 204 24
104.220000 -6.190000 205 23
96.040000 3.370000 202 39
107.560000 -5.810000 180 18
102.370000 -4.140000 216 28
102.940000 -5.300000 9 6
102.660000 -4.080000 195 17
102.190000 -5.410000 222 29
106.460000 -6.320000 125 0
106.140000 -6.580000 315 5
102.090000 -6.010000 219 29
107.090000 -7.090000 339 34
97.210000 4.570000 178 32
106.610000 -8.950000 195 38
103.080000 -4.740000 294 2
109.590000 -9.190000 193 25
98.040000 2.010000 310 21
98.000000 -0.850000 226 29
102.660000 -4.910000 213 22
106.660000 -7.360000 188 24
102.010000 -4.140000 206 25
102.129 -4.405 305 10
102.690000 -5.000000 202 25
102.700000 -5.090000 213 25
97.240000 26.860000 234 16
101.900000 -4.610000 277 12
97.020000 26.590000 53 14
102.750000 -5.330000 246 32
102.760000 -5.360000 226 31
102.050000 -4.480000 261 38
101.490000 -5.540000 212 40
102.730000 -4.820000 214 29
94.690000 24.510000 359 22
101.970000 -4.630000 226 13
103.760000 -4.470000 154 15
102.370000 -4.070000 210 22
102.690000 -6.030000 29 0
102.710000 -5.200000 165 42
96.590000 1.440000 223 12
101.820000 -5.430000 221 6
107.880000 -6.650000 240 15
92.950000 10.000000 71 16
94.860000 23.870000 246 31
92.860000 9.980000 66 21
105.630000 -6.550000 200 19
92.980000 9.940000 75 26
102.600000 -4.860000 209 25
108.890000 -8.700000 190 21
101.780000 -4.020000 213 32
101.600000 -4.190000 231 13
101.750000 -4.050000 224 26
99.250000 -0.200000 283 37
102.560000 -4.680000 214 29
102.490000 -5.160000 211 29
102.760000 -4.780000 212 30
102.740000 -4.780000 223 24
102.730000 -5.090000 213 29
102.450000 -4.900000 205 27
97.680000 0.340000 217 29
102.190000 -5.360000 200 19
106.120000 -7.210000 197 22
102.630000 -4.890000 217 25
101.630000 -4.190000 230 19
102.200000 -4.380000 311 9
95.040000 24.630000 321 23
106.490000 -9.180000 68 12
101.080000 -3.630000 209 33
93.530000 12.280000 240 17
97.780000 0.410000 219 26
107.210000 -7.740000 293 14
98.540000 0.290000 260 31
94.990000 24.430000 224 12
80.210000 11.960000 159 17
81.750000 29.610000 192 42
81.750000 29.550000 202 18
101.900000 -4.760000 214 33
97.920000 1.950000 185 24
101.440000 -4.040000 212 21
102.340000 -5.630000 233 4
95.630000 3.490000 221 27
95.610000 3.510000 218 1
95.660000 3.540000 33 1
95.660000 3.530000 212 0
95.680000 3.480000 342 22
104.590000 -5.880000 202 25
101.380000 -4.120000 226 20
98.680000 -0.500000 230 31
103.130000 -4.800000 261 33
107.870000 -7.640000 185 34
102.060000 -5.820000 209 11
101.700000 -5.840000 217 20
102.560000 -2.340000 218 38
104.180000 -6.960000 208 5
103.990000 -6.980000 95 19
84.79 27.11 29.1 8.8
87.93 28.21 309.8 10.2
104.600000 -6.350000 184 16
93.430000 8.340000 358 4
105.710000 -6.750000 189 10
104.880000 -6.200000 200 27
93.070000 13.040000 90 12
93.160000 13.060000 90 2
93.170000 13.110000 264 3
101.380000 -3.250000 206 26
103.030000 -5.860000 218 30
94.420000 6.030000 153 21
96.080000 2.820000 221 30
96.390000 2.950000 241 34
104.570000 -5.650000 209 36
96.090000 3.010000 214 27
102.180000 -4.210000 313 26
104.040000 -5.650000 158 38
105.640000 -6.610000 299 37
98.600000 0.540000 223 23
97.960000 0.200000 246 8
95.240000 19.890000 259 29
103.680000 -5.510000 208 26
95.430000 4.000000 61 16
101.200000 -2.730000 210 24
103.210000 -4.680000 206 19
103.680000 -7.020000 203 0
103.690000 -7.030000 262 38
107.320000 -8.060000 150 35
108.370000 -9.530000 198 42
95.760000 2.770000 213 38
102.060000 -3.640000 215 22
93.600000 6.680000 237 11
92.310000 22.850000 255 13
92.340000 22.830000 273 29
102.120000 -5.640000 200 11
96.820000 2.080000 225 31
96.070000 2.590000 193 16
102.840000 -4.440000 214 18
103.570000 -5.630000 239 30
103.250000 -4.820000 200 22
103.770000 -6.100000 210 33
95.740000 19.810000 50 6
102.630000 -4.070000 213 20
93.250000 13.040000 288 11
106.270000 -6.960000 200 22
95.700000 19.850000 63 8
102.810000 -5.560000 189 22
102.030000 -5.800000 15 5
94.710000 4.150000 348 36
105.870000 -8.570000 220 7
100.650000 -0.470000 26 9
102.330000 -6.160000 241 38
102.220000 -6.130000 205 29
104.530000 -5.800000 211 9
101.940000 -5.110000 244 6
105.440000 -6.650000 190 24
100.540000 -1.550000 221 18
93.220000 13.110000 281 16
102.720000 -5.210000 208 43
102.200000 -4.280000 218 10
93.190000 13.090000 287 13
106.180000 -6.940000 204 10
97.820000 0.410000 222 31
102.650000 -5.230000 219 15
97.220000 27.100000 238 2
103.910000 -6.160000 205 17
97.380000 1.290000 212 14
102.850000 -4.340000 209 11
95.670000 -6.240000 322 4
109.790000 -8.290000 277 11
98.730000 0.110000 203 15
107.960000 -7.750000 188 11
97.910000 0.190000 223 18
94.300000 24.300000 11 12
103.100000 -4.890000 210 9
101.920000 -4.890000 219 25
103.210000 -4.910000 213 12
102.870000 -6.960000 210 30
97.930000 1.980000 227 19
99.340000 -2.070000 217 19
100.620000 -3.090000 249 2
92.540000 24.760000 192 16
95.780000 3.300000 222 38
92.960000 6.910000 238 20
92.380000 8.880000 249 8
93.740000 8.860000 165 7
94.470000 2.780000 223 11
94.090000 3.650000 44 11
94.160000 2.790000 218 19
94.470000 5.480000 230 21
94.890000 3.350000 209 12
92.580000 6.760000 246 0
93.480000 7.940000 232 14
94.510000 2.710000 220 12
94.610000 5.520000 225 14
93.280000 6.480000 225 10
94.650000 5.350000 225 24
92.640000 7.710000 216 4
95.110000 4.720000 221 15
94.630000 2.750000 234 20
95.610000 2.930000 54 1
93.870000 3.350000 57 9
92.650000 8.740000 254 7
92.810000 6.820000 185 3
92.350000 10.550000 257 39
95.210000 4.730000 221 19
93.000000 6.700000 49 15
93.760000 3.370000 59 6
93.000000 6.720000 227 18
93.160000 8.380000 253 31
93.140000 9.360000 302 1
94.900000 5.140000 236 43
95.570000 2.800000 228 32
93.880000 3.110000 62 14
94.660000 5.450000 233 15
94.280000 5.530000 228 17
94.400000 5.770000 233 43
94.300000 5.530000 229 20
92.510000 12.240000 258 36
94.390000 2.700000 224 3
94.540000 5.290000 232 17
94.490000 5.350000 218 7
92.530000 7.120000 240 2
95.190000 4.320000 215 44
93.280000 5.900000 113 26
94.830000 5.030000 227 14
92.910000 6.200000 233 16
95.270000 3.170000 27 5
94.860000 5.110000 223 17
95.140000 4.730000 227 42
95.620000 2.910000 225 31
94.400000 5.470000 228 23
94.810000 4.930000 262 17
93.220000 8.110000 251 39
92.700000 7.140000 236 21
92.760000 7.190000 235 19
96.490000 3.180000 219 14
95.460000 3.240000 20 7
94.460000 5.390000 234 26
92.790000 6.360000 251 19
94.340000 5.350000 248 29
92.220000 10.580000 256 39
92.360000 10.670000 263 25
93.070000 6.500000 200 6
94.790000 4.920000 228 17
94.600000 5.120000 247 26
91.730000 10.560000 264 24
93.650000 3.530000 58 3
93.030000 6.720000 229 15
94.760000 5.590000 230 13
94.390000 5.490000 232 24
94.830000 5.320000 228 16
91.910000 10.630000 256 19
94.780000 4.870000 271 40
92.400000 7.590000 240 17
95.110000 4.930000 223 23
92.280000 10.530000 242 42
95.440000 2.900000 208 14
94.790000 5.060000 223 15
94.620000 5.550000 228 17
94.740000 5.120000 242 20
94.380000 5.620000 242 9
93.250000 8.860000 120 40
95.200000 4.800000 221 15
93.920000 3.130000 225 1
105.240000 -6.460000 209 42
95.920000 3.870000 220 10
92.020000 10.620000 265 15
94.700000 22.970000 224 27
97.200000 1.220000 212 10
94.140000 3.630000 54 4
94.090000 3.600000 63 10
94.160000 3.580000 60 9
94.390000 2.600000 215 4
94.810000 4.750000 232 16
94.670000 5.450000 223 14
94.600000 2.700000 223 15
94.330000 5.340000 253 19
91.780000 10.780000 98 0
94.310000 5.510000 229 25
94.710000 5.070000 226 16
93.000000 13.100000 59 9
93.700000 3.330000 239 1
93.750000 3.320000 63 7
94.320000 5.510000 225 14
94.560000 5.180000 220 18
94.230000 2.800000 40 12
94.500000 5.270000 232 24
92.840000 6.830000 233 19
95.750000 2.720000 210 19
94.990000 2.260000 26 4
93.580000 13.850000 256 20
95.800000 19.820000 64 5
95.160000 2.280000 196 7
92.620000 6.800000 257 9
95.120000 4.800000 222 20
94.790000 5.080000 225 16
94.800000 5.070000 225 18
98.730000 -0.130000 148 26
95.160000 4.700000 221 18
94.420000 5.450000 227 23
101.610000 -5.640000 214 27
94.330000 5.230000 246 2
92.210000 11.400000 283 6
93.750000 3.260000 57 7
91.770000 10.830000 270 18
95.460000 2.880000 213 14
95.730000 2.890000 223 33
94.260000 2.740000 221 4
95.590000 2.910000 226 39
101.540000 -5.610000 233 16
91.830000 9.310000 251 19
93.060000 9.400000 262 9
94.690000 5.480000 223 14
92.970000 11.550000 318 41
94.600000 5.490000 231 18
93.150000 9.440000 265 10
94.430000 5.440000 231 25
102.750000 -5.640000 215 27
95.090000 4.860000 223 22
95.670000 4.000000 223 15
92.570000 12.310000 271 24
94.370000 5.490000 232 24
97.110000 2.090000 218 38
96.580000 2.650000 205 28
97.260000 1.080000 210 14
97.760000 1.800000 232 15
97.330000 2.350000 207 10
97.320000 1.070000 213 13
97.100000 1.770000 217 31
96.940000 1.890000 215 30
97.720000 0.180000 190 19
97.240000 2.530000 217 15
95.410000 2.990000 223 31
95.420000 2.930000 224 32
97.170000 1.250000 220 19
94.370000 5.440000 258 7
97.160000 1.230000 252 2
96.720000 2.110000 211 10
97.070000 1.860000 213 28
97.190000 1.310000 227 25
97.120000 1.700000 221 32
94.580000 5.110000 251 12
97.210000 1.320000 229 16
97.740000 0.350000 207 19
97.090000 1.360000 247 8
96.370000 2.290000 228 35
96.690000 2.170000 219 14
97.090000 2.700000 226 21
97.240000 1.130000 221 23
99.840000 -1.730000 247 13
98.320000 0.370000 222 31
97.940000 2.020000 223 22
97.140000 1.170000 234 25
96.280000 2.970000 118 10
96.750000 2.090000 216 18
97.410000 1.030000 264 12
97.870000 1.610000 228 26
97.150000 1.280000 225 10
97.860000 1.970000 212 13
94.330000 5.260000 219 10
96.330000 2.190000 273 7
102.420000 -3.980000 220 17
96.770000 2.070000 213 18
97.240000 1.200000 229 20
97.440000 0.560000 9 13
97.160000 1.350000 235 26
97.200000 1.310000 226 16
99.420000 -1.570000 35 11
97.160000 1.400000 230 17
97.270000 1.100000 246 11
92.230000 10.570000 280 36
99.610000 -1.640000 53 11
99.780000 -1.710000 12 3
99.720000 -1.710000 58 7
99.640000 -1.630000 201 2
99.930000 -1.780000 18 10
99.640000 -1.620000 217 10
99.620000 -1.650000 65 1
99.780000 -1.830000 193 1
99.720000 -1.590000 30 35
99.800000 -1.700000 191 5
99.800000 -1.640000 31 13
99.790000 -1.750000 195 2
99.560000 -1.540000 59 3
103.790000 -6.230000 200 19
99.660000 -1.690000 227 2
96.760000 2.170000 225 27
96.830000 2.080000 221 25
99.730000 -1.730000 247 3
99.690000 -1.740000 222 12
99.850000 -1.760000 58 17
99.450000 -1.590000 40 14
99.800000 -1.760000 52 17
99.850000 -1.710000 59 21
93.700000 3.370000 54 5
99.880000 -1.710000 214 11
99.950000 -1.910000 219 28
104.750000 -6.080000 205 11
96.330000 2.930000 100 16
97.110000 1.100000 239 22
97.660000 1.810000 224 29
99.560000 -1.620000 10 23
99.620000 -1.630000 55 0
97.490000 0.930000 232 24
96.300000 2.360000 214 18
95.990000 2.750000 216 32
96.310000 2.370000 212 19
97.250000 1.080000 224 30
94.070000 3.030000 247 12
97.020000 2.290000 219 19
97.170000 1.360000 224 32
93.170000 4.290000 247 2
96.800000 2.130000 223 30
97.130000 1.970000 224 24
99.300000 -1.660000 242 12
99.860000 -1.620000 9 19
97.090000 1.300000 228 22
95.880000 2.460000 217 13
94.270000 5.230000 246 15
94.840000 5.100000 226 19
103.140000 -6.230000 210 14
97.320000 1.200000 222 30
97.230000 1.240000 227 26
97.000000 2.600000 263 32
94.470000 5.060000 258 36
96.270000 2.420000 212 18
98.460000 0.590000 238 24
98.570000 0.350000 257 21
93.510000 3.740000 67 17
97.930000 0.220000 273 24
97.040000 1.990000 222 38
97.920000 1.960000 242 10
97.170000 1.400000 217 14
94.800000 5.280000 228 21
97.450000 0.800000 228 15
94.530000 2.650000 215 12
95.600000 2.910000 223 31
97.180000 1.350000 219 14
96.670000 2.040000 252 15
94.430000 5.240000 272 40
94.650000 5.460000 240 13
94.630000 28.880000 178 42
97.150000 1.460000 230 35
96.720000 2.170000 223 26
97.090000 1.810000 219 34
97.510000 1.010000 223 29
94.170000 2.740000 46 6
94.750000 5.620000 232 17
96.800000 2.140000 222 26
97.250000 1.170000 229 21
96.350000 2.300000 215 18
94.750000 4.950000 219 12
92.620000 6.610000 257 2
107.460000 -7.850000 193 12
95.150000 4.810000 221 16
93.270000 4.180000 244 1
97.140000 1.280000 224 16
97.250000 1.100000 238 35
93.610000 13.850000 255 18
97.080000 1.820000 223 38
95.060000 2.260000 41 27
103.550000 -5.920000 204 16
93.420000 3.960000 249 13
94.390000 2.630000 212 11
97.110000 1.330000 205 11
97.230000 1.270000 226 29
92.900000 10.350000 258 19
94.990000 21.010000 178 14
94.590000 2.590000 236 2
94.420000 5.460000 249 26
94.800000 5.110000 234 16
99.630000 -1.490000 77 16
96.840000 1.180000 228 29
96.020000 2.640000 213 16
93.690000 3.220000 53 12
93.770000 3.290000 62 18
97.420000 1.090000 233 34
94.480000 5.180000 232 31
97.760000 0.350000 216 28
97.820000 0.380000 218 15
97.150000 1.220000 226 12
94.260000 5.250000 231 11
92.670000 6.720000 256 5
94.020000 3.020000 232 3
97.210000 1.370000 227 25
94.570000 5.440000 222 11
96.690000 2.160000 240 8
94.580000 5.550000 224 19
97.140000 1.470000 226 20
92.250000 11.040000 263 28
97.740000 0.320000 225 27
99.620000 -1.660000 24 0
94.790000 5.070000 226 14
102.700000 -3.800000 121 0
95.140000 4.750000 213 6
94.690000 5.500000 220 14
97.400000 0.630000 202 15
95.040000 4.860000 220 22
96.310000 2.430000 219 16
94.780000 24.560000 215 3
97.170000 1.340000 219 7
95.970000 3.980000 196 23
103.880000 -5.950000 208 13
97.240000 1.110000 230 40
94.390000 5.540000 223 25
107.030000 -7.890000 200 12
94.280000 5.560000 231 17
97.870000 1.980000 222 40
92.300000 10.890000 263 23
95.100000 4.820000 221 20
97.950000 2.030000 222 23
99.530000 -1.460000 39 3
95.830000 2.740000 213 17
99.540000 -1.790000 202 13
96.360000 2.310000 216 20
96.210000 2.360000 209 15
97.130000 1.690000 214 11
84.860000 28.390000 25 3
97.270000 1.230000 226 28
95.470000 2.820000 217 20
96.790000 2.160000 225 30
103.510000 -4.000000 7 8
96.940000 0.730000 6 22
97.270000 1.160000 229 28
97.240000 1.140000 217 17
93.820000 3.090000 49 5
97.160000 1.060000 242 24
96.280000 2.390000 212 10
97.200000 1.360000 226 22
97.330000 0.150000 75 14
94.520000 5.120000 223 15
95.920000 2.840000 221 27
95.140000 4.740000 217 16
97.900000 0.120000 220 15
97.860000 0.040000 226 13
97.530000 0.980000 224 14
94.750000 4.870000 229 18
93.270000 13.030000 279 17
96.070000 2.700000 219 27
93.000000 4.920000 66 7
86.380000 27.250000 188 15
92.410000 11.900000 265 35
96.450000 2.220000 214 16
97.100000 1.610000 223 28
97.220000 1.060000 228 15
95.450000 2.860000 216 17
96.250000 2.410000 220 20
88.390000 27.380000 170 21
94.440000 5.350000 218 14
81.340000 -7.670000 149 6
105.980000 -8.670000 208 32
106.040000 -8.660000 210 29
94.690000 5.610000 228 15
95.900000 2.670000 254 26
101.440000 -4.550000 217 11
101.410000 -4.570000 255 10
107.760000 -7.760000 287 8
97.080000 1.660000 214 19
93.640000 13.880000 262 16
106.720000 -7.370000 195 13
94.780000 5.070000 223 16
96.050000 4.130000 239 21
93.970000 2.940000 65 11
95.680000 2.720000 218 17
94.930000 2.270000 93 35
96.390000 2.410000 213 21
93.070000 4.750000 248 11
100.010000 -0.630000 285 22
93.220000 9.410000 256 8
97.000000 1.990000 225 39
102.360000 -4.840000 212 21
97.160000 1.300000 220 20
94.320000 23.310000 277 3
94.440000 5.510000 229 18
92.460000 6.980000 245 2
94.570000 5.510000 232 15
94.370000 2.650000 39 9
97.130000 1.420000 218 18
92.450000 6.940000 245 6
102.150000 -4.750000 326 22
92.790000 6.500000 255 18
93.600000 3.720000 240 0
107.410000 -9.250000 190 35
105.390000 -6.530000 203 13
97.150000 1.710000 223 40
97.180000 1.460000 222 21
96.350000 2.400000 221 33
94.660000 5.520000 224 15
95.100000 4.720000 220 16
104.150000 28.010000 295 4
107.940000 -9.160000 209 20
94.780000 5.120000 224 16
97.470000 1.070000 214 11
93.120000 9.450000 269 13
97.250000 1.320000 213 18
95.010000 4.940000 42 0
97.430000 1.110000 229 22
97.360000 1.040000 219 16
92.330000 24.540000 9 16
94.780000 4.750000 230 23
94.770000 4.740000 239 32
99.090000 3.400000 289 41
94.750000 5.080000 226 13
95.020000 4.820000 222 18
92.360000 10.650000 255 31
94.350000 5.450000 228 18
101.410000 -5.440000 201 29
97.960000 0.250000 227 25
92.440000 8.080000 245 15
101.450000 -5.490000 217 27
95.810000 2.820000 218 18
97.110000 1.730000 212 15
107.190000 -7.820000 121 9
97.320000 0.450000 209 10
94.260000 5.210000 230 14
97.230000 0.640000 191 15
97.370000 1.070000 230 20
102.980000 -4.390000 213 16
96.340000 3.780000 303 16
97.910000 1.960000 225 21
102.950000 -4.430000 216 14
95.700000 2.920000 225 38
94.640000 5.360000 225 20
94.620000 5.510000 230 13
99.870000 -2.330000 219 14
97.250000 1.250000 221 20
96.030000 4.110000 208 13
96.750000 2.010000 212 17
96.150000 2.670000 214 18
94.580000 5.420000 224 13
103.220000 -7.350000 213 26
104.540000 -5.950000 206 10
97.460000 5.000000 19 11
98.000000 2.270000 258 20
92.520000 7.160000 239 3
95.610000 19.310000 225 1
95.610000 19.240000 226 2
107.680000 -5.930000 194 28
107.419 -5.859 190 27
99.320000 1.800000 321 16
97.750000 0.290000 221 21
97.800000 0.340000 214 18
101.370000 -4.440000 216 37
100.840000 -2.620000 218 26
99.670000 -1.690000 204 11
99.630000 -2.130000 222 35
101.270000 -4.300000 201 21
101.530000 -3.160000 220 18
99.950000 -2.230000 222 17
101.830000 -3.780000 221 21
100.120000 -2.150000 212 18
101.170000 -4.070000 216 36
101.200000 -4.230000 211 18
101.220000 -4.230000 211 22
101.190000 -2.790000 219 17
101.240000 -2.800000 210 12
99.720000 -1.760000 46 3
101.110000 -2.760000 223 18
101.170000 -2.720000 223 19
101.200000 -2.830000 212 18
100.770000 -3.640000 215 20
101.350000 -3.260000 222 16
100.890000 -2.750000 223 20
101.230000 -4.300000 244 10
100.140000 -2.000000 216 26
99.940000 -2.000000 217 19
99.930000 -2.130000 220 21
100.850000 -3.680000 210 22
100.830000 -3.610000 225 16
100.380000 -3.160000 220 33
101.460000 -4.390000 214 21
100.460000 -1.770000 218 14
99.490000 -1.790000 215 33
95.540000 2.920000 222 20
95.520000 2.900000 227 38
101.220000 -4.240000 215 26
99.480000 -1.740000 215 25
100.980000 -3.900000 221 23
100.530000 -3.250000 225 36
101.680000 -3.410000 218 12
100.480000 -3.210000 221 17
100.800000 -3.590000 218 29
100.900000 -3.580000 216 27
99.900000 -2.000000 219 24
101.020000 -3.900000 216 34
100.790000 -3.540000 220 24
101.280000 -2.990000 219 14
100.540000 -3.270000 215 37
100.690000 -0.880000 312 26
96.360000 3.060000 212 18
95.060000 4.740000 221 18
101.160000 -2.810000 221 17
101.140000 -2.860000 219 16
97.880000 1.980000 225 20
101.360000 -4.620000 218 39
105.990000 -7.070000 283 5
94.570000 23.500000 24 6
96.800000 2.090000 227 37
101.030000 -2.780000 223 19
94.680000 5.480000 222 14
92.330000 22.760000 253 11
92.870000 10.410000 254 18
97.440000 1.010000 232 28
97.160000 1.340000 227 17
101.220000 -2.830000 215 18
97.270000 1.030000 228 23
101.210000 -3.010000 224 18
100.930000 -3.290000 216 19
99.950000 -2.430000 217 31
95.960000 2.770000 218 34
99.880000 -2.320000 218 29
99.960000 -2.510000 215 36
101.990000 -3.740000 215 13
99.950000 -2.340000 213 19
99.930000 -2.400000 217 39
99.970000 -2.490000 215 39
99.890000 -2.330000 217 39
99.810000 -2.240000 216 37
101.060000 -3.860000 212 31
93.480000 3.930000 248 11
99.820000 -2.180000 214 30
94.820000 5.080000 221 14
99.790000 -2.230000 226 18
100.810000 -3.760000 207 20
94.590000 2.700000 224 12
101.100000 -2.900000 225 16
95.300000 2.860000 223 36
102.720000 -4.350000 214 14
101.410000 -3.270000 220 14
107.880000 -7.780000 195 11
101.320000 -3.020000 218 17
94.700000 5.510000 215 14
95.090000 4.680000 217 18
101.390000 -3.180000 220 17
101.470000 -3.180000 220 19
102.460000 -4.190000 206 11
101.270000 -4.130000 214 30
101.100000 -4.450000 218 30
97.760000 0.350000 219 22
99.970000 -2.080000 218 15
97.480000 0.820000 217 20
92.700000 6.790000 249 10
101.430000 -3.180000 225 13
97.160000 1.320000 216 27
97.190000 1.340000 223 32
95.330000 25.970000 16 9
96.550000 2.230000 216 27
91.660000 11.610000 277 14
93.580000 13.860000 253 12
101.080000 -3.940000 216 37
100.990000 -3.910000 228 23
103.060000 -3.930000 10 2
96.320000 2.510000 218 25
102.220000 -5.210000 201 21
81.680000 -3.330000 340 17
97.250000 1.140000 224 28
101.260000 -4.350000 217 28
101.750000 -4.740000 213 30
100.750000 -3.650000 217 35
101.040000 -2.830000 223 20
103.510000 -6.070000 217 18
95.040000 4.830000 220 19
101.220000 -4.300000 218 27
101.300000 -4.330000 216 30
94.170000 6.450000 155 0
100.720000 -3.530000 217 19
98.180000 -0.350000 218 33
98.270000 -0.260000 224 30
98.550000 0.480000 221 18
97.180000 1.440000 225 26
95.050000 4.670000 211 19
94.310000 5.260000 232 11
100.630000 -3.510000 217 33
94.440000 6.260000 176 0
97.290000 1.180000 226 18
100.410000 -3.090000 218 37
100.470000 -3.120000 217 36
100.320000 -3.330000 221 29
99.090000 2.800000 210 19
101.140000 -5.440000 208 13
102.900000 -4.890000 228 41
103.050000 -4.990000 212 16
102.300000 -2.580000 322 17
102.910000 -4.800000 215 14
101.700000 -5.500000 213 8
101.580000 -5.520000 203 17
108.740000 -8.800000 188 22
94.790000 24.320000 357 10
99.490000 -1.480000 69 14
99.430000 -1.450000 72 19
99.270000 -1.530000 71 12
99.550000 -1.380000 83 16
99.420000 -1.450000 67 6
97.950000 -0.910000 221 24
99.370000 -1.370000 47 14
99.480000 -1.420000 84 17
99.570000 -1.650000 56 13
94.660000 5.470000 247 10
95.100000 25.280000 208 8
99.470000 -1.360000 16 23
107.300000 -7.780000 305 2
94.680000 24.330000 14 15
104.790000 -6.290000 206 14
94.320000 5.260000 245 17
102.670000 -4.500000 233 11
91.440000 27.330000 187 39
94.790000 20.400000 198 36
99.870000 -0.720000 312 4
105.220000 -6.530000 203 12
91.420000 27.260000 188 38
102.980000 -5.000000 217 12
103.120000 -4.730000 214 14
95.910000 2.770000 220 28
91.820000 22.000000 252 5
99.390000 -1.430000 61 21
94.810000 24.360000 358 14
102.690000 -4.260000 231 7
99.090000 -0.320000 207 9
100.910000 -2.880000 224 14
94.290000 2.780000 37 12
105.930000 -7.280000 228 14
94.710000 23.200000 157 2
100.980000 -3.760000 218 33
94.620000 23.060000 336 22
97.200000 1.340000 227 26
83.730000 -2.720000 160 8
102.830000 -4.640000 221 9
100.140000 -2.150000 218 18
97.050000 2.380000 218 38
101.100000 -4.050000 218 36
101.000000 -3.880000 223 18
96.020000 3.750000 220 30
95.850000 3.500000 219 21
107.220000 -7.840000 104 11
100.970000 -3.860000 222 23
93.450000 11.120000 13 23
108.280000 -9.560000 205 25
93.090000 13.200000 48 10
101.340000 -4.490000 218 24
97.190000 1.240000 238 16
92.250000 10.230000 257 35
80.400000 29.840000 190 27
97.140000 1.390000 231 24
104.620000 -6.500000 201 15
103.960000 -6.350000 204 19
107.060000 -7.490000 197 14
96.720000 2.220000 222 28
103.580000 -4.120000 336 21
103.460000 -6.910000 205 13
96.950000 1.950000 217 35
94.740000 5.000000 225 15
94.740000 5.050000 221 15
95.390000 3.660000 249 27
94.340000 6.630000 156 6
100.080000 -3.490000 220 37
100.380000 -2.950000 223 25
100.460000 -3.290000 216 33
99.890000 -2.340000 216 18
104.060000 -6.340000 211 16
99.420000 -1.740000 215 28
107.210000 -7.860000 285 13
106.930000 -8.020000 197 18
100.180000 -3.770000 199 27
104.010000 -6.260000 215 22
96.000000 3.880000 232 14
94.670000 5.420000 223 14
95.890000 2.710000 223 29
95.960000 3.950000 211 9
101.430000 -4.460000 220 31
100.000000 -2.650000 215 22
105.080000 -6.960000 205 14
96.290000 2.490000 223 31
96.290000 2.400000 229 35
100.540000 -3.610000 211 19
102.650000 -5.030000 216 23
96.400000 2.630000 222 36
95.520000 2.890000 218 19
95.520000 2.900000 228 37
102.140000 -4.250000 222 16
96.830000 2.200000 225 27
96.760000 1.990000 221 16
94.680000 24.640000 201 6
98.820000 0.810000 272 32
97.890000 1.900000 227 18
97.450000 0.830000 242 9
80.760000 29.690000 201 19
106.220000 -6.930000 215 11
97.100000 1.620000 229 24
108.520000 -8.040000 268 18
100.630000 -3.530000 230 37
101.850000 -4.890000 220 26
103.480000 -5.710000 218 35
101.360000 -3.250000 220 18
98.720000 25.080000 187 1
101.890000 -5.040000 219 20
97.170000 1.420000 233 20
106.460000 -7.200000 221 16
101.100000 -2.830000 222 18
101.090000 -2.910000 221 20
102.400000 -4.250000 212 14
94.950000 4.740000 214 16
104.050000 -6.280000 211 21
96.350000 2.480000 213 18
103.710000 -6.140000 211 20
103.050000 -4.070000 133 1
99.940000 -2.460000 218 14
101.350000 -3.250000 220 19
95.240000 24.950000 33 0
99.450000 -2.220000 227 27
99.450000 -2.270000 232 24
97.870000 0.170000 226 24
102.180000 -4.320000 222 19
104.340000 -5.840000 202 14
99.070000 -0.940000 199 39
96.270000 2.400000 219 21
96.680000 2.070000 229 23
102.200000 -3.680000 227 28
94.400000 4.990000 257 24
102.710000 -4.320000 214 14
95.110000 4.620000 215 17
94.570000 5.410000 224 15
100.430000 -3.350000 229 26
93.790000 3.310000 53 14
92.140000 0.240000 322 15
105.460000 -6.810000 229 27
94.080000 2.840000 36 18
93.820000 3.250000 56 14
93.850000 3.260000 61 4
93.820000 3.270000 57 3
93.350000 2.150000 164 2
93.720000 3.270000 49 15
94.460000 2.700000 221 2
100.440000 -3.340000 225 33
94.510000 2.700000 223 9
105.420000 -8.350000 224 25
94.470000 2.640000 33 13
100.150000 -2.820000 219 29
106.370000 -7.690000 194 23
94.670000 5.480000 222 18
105.490000 -5.680000 256 24
100.990000 -2.920000 224 21
103.190000 -4.930000 214 13
100.590000 -3.640000 210 22
109.100000 -7.980000 186 12
102.790000 -4.380000 200 9
96.040000 2.710000 220 30
104.420000 -6.000000 201 12
100.470000 -1.760000 222 14
96.960000 1.900000 222 26
94.750000 5.060000 220 15
103.000000 -4.750000 217 16
82.690000 28.470000 207 24
103.990000 27.580000 296 7
100.590000 -3.320000 222 36
103.740000 -6.170000 220 13
89.700000 2.610000 325 33
101.920000 -2.920000 137 5
92.820000 26.880000 29 2
97.670000 -0.430000 233 25
98.380000 0.880000 259 43
107.530000 -6.760000 342 38
97.460000 0.890000 236 28
106.670000 -7.370000 181 13
102.830000 -4.530000 219 11
93.640000 13.850000 247 17
94.780000 22.440000 12 24
95.050000 25.330000 214 6
95.100000 4.720000 221 21
101.300000 -2.990000 223 18
94.980000 4.570000 223 18
104.380000 -6.550000 201 18
107.290000 -7.000000 184 29
92.220000 24.680000 203 20
95.830000 2.710000 213 15
95.650000 19.220000 54 10
102.530000 -4.150000 218 10
95.750000 19.250000 231 0
98.640000 0.220000 233 14
106.070000 -7.090000 209 12
95.620000 19.260000 49 7
95.150000 28.890000 210 6
104.960000 28.380000 263 21
95.920000 3.890000 220 14
107.910000 -9.160000 212 29
107.440000 -9.330000 193 14
102.380000 -4.940000 232 39
82.280000 28.660000 200 19
100.560000 -3.270000 222 28
100.460000 -3.360000 221 23
97.970000 5.380000 187 17
94.430000 22.040000 227 9
94.730000 23.940000 180 18
100.400000 -3.290000 225 20
94.380000 5.360000 227 20
103.040000 -4.740000 203 13
91.750000 1.250000 335 7
88.400000 27.290000 191 12
103.090000 -5.800000 211 19
95.860000 3.960000 216 17
107.800000 -8.110000 183 14
94.460000 5.390000 231 16
107.930000 -7.870000 188 10
98.560000 0.260000 254 40
96.830000 2.040000 225 29
96.680000 2.030000 225 26
91.510000 1.350000 350 22
102.850000 -4.920000 206 15
109.260000 -8.230000 18 8
109.290000 -8.050000 13 0
97.260000 1.210000 230 24
97.140000 1.190000 250 28
94.260000 7.300000 337 8
103.810000 -4.560000 320 5
100.430000 -3.990000 228 24
102.280000 -5.240000 234 15
103.620000 28.170000 300 9
97.970000 1.960000 228 21
97.880000 1.870000 220 21
109.120000 -8.490000 162 17
92.760000 4.250000 318 0
93.860000 3.150000 47 7
102.640000 -6.950000 215 20
104.120000 -6.340000 207 13
108.050000 -7.760000 188 12
96.940000 1.930000 224 33
94.650000 5.400000 228 16
94.450000 6.040000 165 18
97.260000 1.150000 232 23
97.240000 1.130000 229 20
104.620000 -6.220000 205 9
93.870000 12.870000 36 29
97.220000 1.050000 236 30
93.440000 3.950000 251 7
107.170000 -6.500000 331 18
103.950000 -6.020000 326 7
95.070000 4.780000 197 43
105.990000 -7.180000 204 10
97.920000 1.650000 256 43
100.140000 -3.830000 222 26
95.770000 2.720000 208 20
86.370000 27.740000 192 24
102.180000 -6.130000 226 16
103.200000 29.350000 69 1
102.790000 -4.760000 135 17
95.190000 25.020000 196 5
97.240000 1.340000 231 27
104.890000 28.350000 295 6
98.720000 -0.780000 222 27
96.790000 2.000000 211 15
93.380000 9.890000 341 29
102.660000 -4.460000 232 13
105.330000 -6.710000 190 12
102.480000 -5.680000 213 25
82.390000 28.900000 45 3
84.710000 28.150000 191 39
84.820000 28.220000 187 26
86.020000 27.770000 193 31
85.810000 27.770000 197 21
86.070000 27.810000 194 35
86.160000 27.620000 190 19
86.070000 27.560000 200 19
93.580000 14.010000 262 12
94.740000 4.990000 233 16
96.230000 19.080000 56 8
94.720000 5.060000 223 18
108.920000 -8.250000 316 1
95.120000 4.680000 216 19
107.220000 -8.040000 297 5
103.710000 -6.030000 212 19
103.640000 -6.080000 213 17
107.400000 -8.050000 218 44
100.300000 27.550000 104 1
98.040000 0.580000 354 17
94.860000 22.450000 38 18
106.020000 -6.950000 304 4
102.970000 -4.960000 216 12
81.650000 29.400000 204 14
107.020000 -8.370000 199 21
96.690000 2.070000 236 33
107.390000 -8.200000 195 18
102.190000 -4.170000 219 18
94.860000 23.100000 16 11
100.490000 -3.620000 221 23
96.210000 2.350000 206 19
104.630000 -5.030000 330 20
107.560000 -8.070000 199 3
101.270000 -3.330000 222 18
99.410000 -2.190000 225 30
97.410000 0.980000 233 27
102.300000 -4.510000 311 4
94.570000 21.510000 13 3
96.750000 2.010000 202 15
94.930000 21.310000 146 5
104.160000 -5.960000 208 12
94.700000 23.900000 14 4
94.570000 20.920000 254 38
100.180000 -2.910000 218 13
98.610000 0.550000 224 11
101.770000 -4.910000 227 25
102.750000 -4.430000 216 13
86.530000 27.800000 198 22
80.630000 29.980000 208 21
96.690000 3.490000 184 40
96.210000 5.300000 315 39
94.610000 5.410000 221 17
105.730000 29.470000 144 5
108.800000 -8.750000 190 20
100.350000 -1.720000 222 18
102.720000 -5.270000 216 16
94.560000 5.420000 228 17
104.830000 28.180000 291 11
107.390000 -7.520000 187 10
96.070000 5.300000 358 20
96.150000 5.250000 341 35
102.020000 -4.210000 222 13
102.190000 -6.260000 214 28
95.860000 3.640000 238 22
104.370000 -6.040000 203 10
99.630000 -2.160000 227 19
108.020000 -7.740000 189 13
105.980000 -7.410000 210 42
98.980000 2.750000 246 33
101.380000 -5.660000 227 32
102.240000 -2.670000 337 16
108.990000 -8.160000 181 12
101.620000 -3.770000 226 24
99.890000 -2.300000 221 14
99.690000 -1.160000 229 21
104.960000 -6.040000 330 7
93.110000 9.280000 242 8
93.160000 10.240000 206 21
102.100000 -3.370000 314 9
95.790000 -7.360000 154 17
104.610000 -6.510000 206 12
94.980000 29.830000 42 22
96.980000 1.370000 229 26
102.950000 -5.030000 213 14
106.820000 -7.880000 215 24
101.040000 -2.810000 224 17
94.900000 24.740000 116 17
96.070000 18.370000 64 5
93.160000 12.350000 7 14
96.150000 18.390000 76 2
105.940000 -7.410000 208 11
102.850000 -4.540000 212 12
103.890000 -6.530000 210 15
105.530000 -6.980000 200 16
96.160000 18.320000 64 9
96.140000 18.360000 59 8
104.910000 -6.340000 221 43
93.580000 7.550000 262 40
95.060000 4.570000 214 17
93.430000 9.520000 187 13
97.100000 1.390000 233 22
96.990000 27.180000 211 9
95.100000 24.600000 191 7
98.590000 -2.020000 228 28
98.690000 -1.950000 228 15
98.670000 -1.930000 219 27
98.640000 -1.930000 228 25
96.070000 18.270000 61 8
103.390000 -5.790000 215 13
99.840000 -1.690000 1 13
99.430000 -2.350000 219 26
99.470000 -2.290000 235 23
98.320000 0.630000 355 16
96.890000 0.820000 246 22
97.820000 4.560000 64 19
95.900000 3.880000 221 16
106.030000 -6.180000 314 16
101.820000 -3.760000 224 16
94.740000 4.990000 229 19
96.920000 27.200000 200 5
100.930000 -2.970000 213 25
101.520000 -3.530000 217 14
98.750000 -1.550000 214 16
94.560000 5.380000 225 15
99.680000 -2.450000 223 24
104.920000 28.190000 290 12
106.570000 -7.880000 196 14
101.280000 -3.390000 220 18
104.190000 -6.840000 211 15
100.010000 -2.830000 225 29
100.070000 -2.850000 223 33
100.130000 -2.880000 219 40
100.100000 -2.970000 224 31
98.040000 -0.430000 226 37
96.360000 27.330000 240 6
104.610000 29.470000 284 10
99.890000 -2.050000 221 17
97.830000 1.920000 221 18
98.780000 1.120000 318 26
94.560000 28.410000 179 41
102.140000 -4.270000 245 23
102.030000 -5.400000 212 20
97.720000 0.380000 225 35
97.740000 0.340000 214 40
108.950000 -8.200000 201 17
99.030000 -0.300000 210 12
104.870000 28.440000 71 5
104.990000 28.400000 46 14
104.810000 28.400000 267 2
104.840000 28.490000 292 7
87.110000 9.380000 351 13
92.830000 27.720000 148 23
92.800000 27.740000 133 36
106.140000 -6.980000 204 10
104.790000 -7.280000 134 5
99.390000 -0.740000 228 7
102.910000 -7.110000 229 32
102.940000 -7.220000 225 19
104.930000 29.530000 300 16
91.650000 10.980000 280 20
101.190000 -4.480000 221 37
101.130000 -4.430000 225 20
99.590000 -2.640000 224 35
99.860000 -2.380000 224 32
97.400000 0.830000 238 19
81.140000 29.320000 190 15
97.890000 -0.890000 239 33
106.690000 22.940000 308 15
106.730000 22.920000 307 10
100.940000 -2.970000 221 19
104.950000 29.610000 297 16
92.400000 7.070000 63 7
107.440000 -8.010000 195 14
96.360000 2.350000 224 36
99.900000 -1.910000 224 18
99.880000 -1.970000 236 24
103.120000 -3.950000 138 3
103.010000 -5.850000 208 26
94.030000 22.800000 91 40
