109.010000 -7.890000 217 60
95.770000 4.240000 237 54
100.830000 -2.270000 250 59
95.450000 4.220000 191 61
97.290000 -0.930000 153 55
100.550000 -6.280000 174 84
87.480000 26.740000 243 78
94.820000 18.110000 235 58
107.660000 -7.130000 239 55
97.980000 25.150000 352 55
94.030000 7.560000 125 67
100.370000 26.570000 76 71
99.850000 26.360000 274 65
96.130000 2.940000 145 51
101.670000 -6.680000 286 60
94.940000 5.450000 173 59
94.340000 22.050000 229 49
93.170000 7.920000 186 58
95.080000 4.720000 157 45
94.430000 22.040000 265 47
95.480000 12.790000 29 54
95.020000 11.880000 313 76
97.180000 3.550000 199 65
94.680000 11.360000 15 71
94.640000 11.090000 64 48
94.680000 11.240000 33 64
94.570000 11.000000 34 66
94.600000 10.940000 327 72
94.800000 10.830000 349 59
94.590000 10.840000 358 64
94.620000 10.820000 0 60
94.570000 10.900000 327 64
94.740000 10.910000 79 67
94.800000 10.830000 6 70
94.690000 10.990000 348 62
106.930000 -4.350000 323 55
98.490000 1.380000 232 59
100.170000 26.170000 87 69
94.620000 7.830000 66 60
96.350000 15.150000 314 61
99.940000 -0.690000 287 65
100.910000 29.360000 244 43
94.840000 4.150000 150 45
90.270000 29.770000 180 90
95.090000 18.380000 250 56
94.250000 22.050000 244 63
97.240000 29.930000 31 76
94.400000 20.300000 198 64
95.240000 4.780000 247 50
90.030000 29.120000 155 70
99.240000 29.980000 323 72
108.420000 -6.650000 194 56
93.720000 21.150000 187 63
93.800000 21.220000 199 51
103.790000 -5.940000 271 52
93.580000 12.220000 265 69
95.960000 3.740000 158 52
94.590000 20.910000 242 57
93.670000 21.060000 237 75
90.170000 29.590000 141 86
94.360000 20.350000 197 58
97.660000 3.060000 217 63
95.090000 12.140000 38 60
87.280000 29.010000 355 68
87.350000 29.030000 273 60
94.970000 11.960000 37 52
99.640000 28.000000 155 65
97.220000 25.200000 186 70
97.610000 -1.110000 260 88
94.150000 20.540000 197 41
97.500000 -1.010000 301 72
94.340000 10.570000 133 60
94.390000 10.520000 232 88
99.540000 19.450000 89 63
102.250000 -4.660000 248 52
93.780000 10.210000 77 78
97.870000 1.300000 230 54
108.920000 -5.220000 293 56
95.390000 3.720000 253 81
99.060000 2.640000 216 57
100.340000 27.300000 24 73
100.380000 27.050000 74 78
100.420000 27.250000 345 49
92.200000 28.330000 149 64
88.190000 29.920000 249 72
100.370000 27.220000 104 83
105.570000 -6.200000 184 69
108.400000 -5.030000 314 71
97.950000 1.660000 154 78
97.330000 2.880000 255 54
100.390000 27.000000 274 63
85.380000 29.080000 61 72
101.010000 -6.200000 226 86
99.620000 -1.950000 209 44
88.120000 29.950000 286 71
101.020000 27.270000 61 61
94.680000 23.740000 278 44
95.280000 4.030000 293 48
93.720000 23.310000 180 77
109.150000 -9.910000 188 65
101.530000 -2.890000 270 47
105.560000 -6.840000 169 37
105.650000 -6.750000 169 66
102.890000 -5.610000 161 53
102.680000 -5.550000 197 55
102.600000 -5.020000 217 45
102.700000 -5.410000 233 63
106.850000 -6.680000 190 48
103.300000 -5.890000 32 49
103.280000 -5.890000 34 54
101.130000 29.510000 130 75
93.690000 23.900000 332 56
102.700000 -5.210000 67 68
103.340000 -5.280000 219 51
92.380000 18.900000 151 76
94.360000 5.360000 156 65
101.920000 -5.110000 246 75
102.040000 -4.330000 112 53
101.210000 -2.880000 328 66
86.75 27.73 195.4 46.2
86.52 28.52 344.6 25.9
89 26.26 194.9 19.3
87.75 27.81 134.5 65.5
93.530000 21.180000 140 64
93.760000 17.210000 14 89
94.510000 19.380000 249 60
97.720000 4.110000 213 53
95.610000 12.950000 220 40
98.910000 1.140000 337 41
102.180000 -5.440000 204 46
101.010000 29.480000 200 63
102.460000 -5.080000 171 57
102.040000 -3.610000 205 42
103.970000 27.370000 94 40
106.200000 -7.560000 111 56
104.000000 -7.880000 303 76
102.960000 -4.760000 304 54
100.490000 -1.560000 196 56
93.920000 8.840000 3 47
102.040000 -5.790000 318 63
103.980000 -2.430000 303 63
95.020000 12.400000 225 47
95.000000 12.450000 219 54
94.950000 12.390000 21 82
94.970000 12.390000 223 56
95.000000 12.440000 216 67
94.940000 12.270000 241 57
102.620000 -5.470000 300 48
95.000000 12.430000 220 52
95.880000 15.810000 89 53
92.740000 13.460000 178 72
94.500000 3.860000 317 77
94.220000 4.090000 41 83
93.810000 4.470000 273 62
92.390000 8.470000 301 76
93.660000 9.090000 6 68
92.390000 12.980000 189 62
94.110000 7.850000 211 48
95.540000 3.030000 211 50
93.040000 13.680000 241 45
92.300000 8.070000 308 62
92.680000 12.810000 262 76
93.870000 8.550000 201 48
92.470000 12.350000 242 61
93.590000 10.590000 165 56
94.260000 4.820000 287 61
93.160000 5.600000 221 71
93.810000 3.320000 345 53
92.500000 11.590000 91 64
92.150000 7.810000 336 50
93.690000 8.550000 245 68
93.680000 8.950000 249 74
92.990000 9.780000 261 73
91.890000 7.990000 209 64
93.710000 9.450000 232 77
93.950000 4.180000 156 82
93.700000 9.490000 231 78
93.770000 8.950000 205 62
94.400000 3.610000 289 52
92.120000 11.080000 174 61
93.760000 9.110000 208 60
93.090000 8.820000 100 45
93.600000 9.610000 239 67
92.690000 13.240000 241 46
93.760000 7.670000 242 67
93.690000 10.330000 226 74
94.620000 5.230000 273 45
93.790000 7.670000 117 89
94.220000 4.230000 174 69
94.260000 4.220000 184 76
92.530000 9.030000 145 66
92.340000 9.010000 311 46
92.910000 6.760000 202 62
91.990000 11.080000 212 47
93.950000 7.640000 197 59
94.030000 7.660000 297 82
92.600000 7.020000 282 78
93.920000 7.290000 254 43
92.460000 7.030000 174 49
91.780000 10.840000 162 74
93.100000 4.510000 152 46
93.300000 7.410000 138 61
94.780000 4.050000 268 83
93.670000 8.860000 325 62
93.780000 4.580000 281 59
92.560000 13.000000 226 73
93.250000 5.600000 121 78
91.790000 10.910000 232 61
93.330000 5.690000 3 74
93.560000 8.770000 200 69
94.280000 3.320000 283 75
93.840000 8.170000 202 71
92.440000 14.630000 196 45
92.390000 14.570000 189 51
92.590000 14.570000 112 71
93.200000 14.480000 245 55
92.190000 13.210000 294 81
93.350000 6.440000 83 75
93.290000 5.660000 23 82
92.940000 14.550000 166 60
94.010000 7.840000 353 49
94.180000 7.820000 345 49
94.050000 7.930000 2 45
93.980000 7.850000 218 52
94.050000 7.780000 6 41
94.020000 7.810000 218 48
93.970000 7.730000 12 55
93.980000 7.840000 347 51
94.120000 7.970000 360 66
94.110000 7.900000 16 66
94.080000 8.010000 12 45
94.050000 8.130000 9 68
93.960000 8.150000 7 48
94.050000 7.930000 1 58
93.920000 7.850000 301 72
94.110000 8.040000 223 66
94.100000 7.980000 4 54
94.140000 8.060000 7 55
94.170000 7.960000 22 70
94.120000 7.920000 322 71
94.120000 8.010000 325 80
93.950000 7.830000 231 56
94.040000 7.960000 215 55
94.070000 8.010000 270 80
93.960000 7.860000 353 42
94.060000 8.100000 31 53
94.100000 8.000000 225 69
94.130000 7.910000 256 71
94.020000 7.730000 242 65
94.100000 7.960000 229 71
92.530000 7.310000 308 46
94.270000 8.110000 233 68
94.110000 8.010000 242 70
94.210000 8.070000 217 62
94.150000 8.060000 209 48
94.080000 7.730000 342 45
93.960000 8.320000 316 73
94.270000 8.060000 223 57
94.230000 8.140000 215 60
94.110000 8.020000 58 62
94.020000 8.010000 35 62
94.060000 8.120000 209 51
94.200000 8.130000 250 64
94.060000 8.070000 212 53
93.960000 9.990000 189 74
94.140000 8.110000 206 69
93.990000 9.990000 199 73
94.100000 9.960000 222 72
94.260000 8.170000 246 69
93.960000 9.960000 210 56
95.560000 26.120000 286 51
94.050000 8.060000 260 79
94.060000 8.070000 213 52
94.290000 8.100000 23 58
93.610000 10.220000 207 58
93.770000 8.630000 2 73
95.730000 3.120000 358 73
93.540000 3.200000 176 62
92.480000 13.060000 287 72
97.100000 0.190000 150 69
96.070000 2.550000 173 61
97.910000 0.920000 170 74
96.180000 2.520000 192 60
96.390000 2.870000 161 81
96.390000 2.820000 233 66
97.160000 0.180000 129 56
96.890000 -0.410000 125 77
96.920000 -0.420000 185 79
96.400000 2.890000 9 75
93.660000 9.780000 10 57
94.820000 4.770000 245 73
97.170000 0.140000 20 75
96.440000 0.450000 53 83
97.660000 0.310000 241 52
93.630000 10.180000 217 59
97.280000 0.360000 161 63
97.310000 0.310000 131 48
97.290000 0.400000 230 65
93.980000 7.810000 225 67
93.710000 8.690000 205 63
97.870000 0.800000 124 73
93.270000 5.740000 348 71
97.260000 0.400000 193 63
96.250000 0.700000 225 78
94.860000 12.320000 85 77
93.930000 7.650000 218 51
93.580000 10.250000 232 68
94.190000 7.430000 4 47
97.140000 2.430000 211 46
91.930000 8.120000 208 58
91.640000 8.370000 183 65
93.560000 2.860000 316 46
91.960000 8.020000 337 59
97.300000 0.320000 324 57
95.220000 4.390000 96 74
95.790000 5.360000 15 74
98.920000 2.450000 209 53
92.200000 7.690000 202 74
91.910000 8.070000 215 62
91.910000 8.040000 218 63
93.970000 7.650000 289 65
95.400000 4.510000 292 51
105.500000 -5.840000 14 81
98.010000 0.240000 22 47
93.750000 7.630000 228 60
92.530000 17.560000 208 63
95.200000 12.230000 220 53
104.150000 -5.050000 204 75
91.830000 10.900000 129 79
95.980000 2.380000 182 67
107.100000 -9.750000 94 76
96.250000 4.000000 191 68
94.400000 10.750000 124 74
93.900000 10.700000 99 50
94.280000 10.740000 203 76
94.450000 10.790000 101 68
94.510000 10.800000 199 73
94.360000 10.730000 140 78
94.530000 10.730000 230 86
94.150000 10.560000 118 78
94.580000 10.840000 137 83
94.240000 10.660000 121 57
94.330000 10.720000 199 83
94.430000 10.710000 195 67
94.570000 10.770000 148 75
94.360000 10.710000 203 77
94.360000 10.730000 164 77
94.370000 10.790000 302 67
94.260000 10.720000 170 79
94.280000 10.630000 155 79
94.260000 10.550000 200 68
94.400000 10.690000 174 73
94.230000 10.640000 225 79
94.430000 10.800000 164 79
94.300000 10.680000 148 77
94.350000 10.720000 142 78
97.350000 0.290000 196 62
105.390000 -5.570000 325 66
96.930000 0.090000 148 67
97.170000 -0.010000 283 68
107.760000 -9.090000 185 64
107.650000 -9.510000 104 72
107.830000 -9.010000 356 76
108.320000 -9.420000 194 60
108.770000 -9.370000 179 58
107.660000 -9.570000 39 74
107.860000 -9.060000 206 68
108.750000 -9.300000 347 71
107.620000 -9.560000 232 67
108.890000 -9.260000 69 76
108.780000 -9.350000 7 80
107.960000 -9.690000 290 58
107.740000 -9.010000 73 75
108.620000 -9.470000 220 64
108.540000 -9.330000 172 61
107.530000 -9.730000 298 75
108.610000 -9.510000 245 61
108.550000 -9.330000 158 70
107.640000 -9.660000 132 63
107.580000 -9.490000 303 57
108.410000 -9.260000 289 70
107.320000 -9.710000 210 81
107.360000 -9.600000 18 80
108.090000 -9.810000 323 73
107.590000 -9.690000 296 69
107.530000 -9.790000 165 72
97.180000 0.190000 234 69
107.350000 -9.900000 294 67
100.140000 11.820000 209 80
95.000000 11.790000 69 85
94.960000 11.780000 195 70
100.180000 11.740000 233 81
97.210000 0.910000 192 63
97.010000 2.990000 345 85
98.020000 2.460000 200 78
92.530000 12.990000 216 56
105.140000 -6.520000 315 72
93.650000 7.670000 226 79
100.410000 -2.240000 313 71
96.970000 0.270000 289 76
100.460000 -2.260000 44 87
100.450000 -2.280000 308 64
91.780000 8.260000 94 88
91.820000 11.010000 15 53
91.780000 10.890000 225 58
91.780000 10.890000 21 67
91.900000 10.870000 231 64
91.680000 10.860000 263 68
91.710000 10.850000 202 60
91.930000 10.900000 247 59
91.730000 11.000000 219 49
91.640000 10.750000 231 61
107.620000 -9.520000 176 76
91.760000 11.020000 189 63
91.710000 10.950000 201 56
91.790000 10.980000 219 55
97.920000 25.050000 202 71
104.470000 -6.340000 154 45
92.390000 12.940000 28 46
100.510000 -2.220000 321 68
91.780000 10.930000 15 64
96.080000 15.580000 210 68
91.660000 10.760000 188 66
90.350000 29.810000 26 65
90.320000 29.650000 360 68
91.710000 10.830000 196 65
93.640000 8.660000 179 76
92.220000 7.660000 193 52
97.030000 0.110000 304 46
92.820000 13.730000 247 41
94.960000 11.800000 237 58
95.990000 15.580000 194 68
91.690000 10.670000 241 57
93.620000 9.050000 213 70
95.000000 12.140000 152 79
94.830000 12.030000 218 51
96.710000 0.300000 266 74
94.320000 10.700000 102 75
94.290000 10.750000 179 76
94.370000 10.770000 171 73
94.400000 10.710000 171 79
94.650000 11.280000 236 66
94.330000 10.640000 172 75
94.390000 10.750000 187 73
94.320000 10.670000 197 76
94.190000 10.610000 203 78
94.210000 10.660000 106 69
94.340000 10.700000 117 84
94.290000 10.730000 217 83
94.310000 10.690000 192 69
94.240000 10.740000 211 82
94.200000 10.640000 179 72
94.290000 10.760000 193 79
94.320000 10.660000 172 71
94.350000 10.740000 165 75
94.190000 10.610000 187 82
94.180000 10.670000 79 75
94.230000 10.590000 202 78
94.330000 10.600000 93 72
94.120000 10.590000 169 85
94.180000 10.640000 195 86
92.890000 14.100000 136 81
93.720000 9.020000 307 83
93.020000 13.960000 173 66
96.970000 0.270000 152 60
92.970000 14.030000 300 62
86.010000 29.490000 304 88
107.510000 -9.290000 346 65
97.110000 0.120000 152 70
93.170000 19.400000 124 62
93.180000 14.420000 351 65
91.890000 7.790000 179 62
108.090000 -8.020000 184 46
95.350000 14.000000 102 70
95.770000 13.420000 212 62
92.820000 13.610000 227 47
105.000000 -6.530000 195 64
99.750000 -3.690000 316 57
99.670000 -3.490000 64 83
99.570000 -3.460000 357 84
99.860000 -3.530000 357 72
99.580000 -3.550000 3 76
99.650000 -3.670000 334 74
100.130000 1.190000 292 46
90.340000 29.790000 177 67
99.040000 2.690000 238 46
94.110000 10.620000 211 43
104.070000 -8.270000 289 67
107.690000 -9.850000 269 74
107.650000 -9.980000 220 76
92.460000 9.640000 311 57
96.750000 1.140000 212 64
96.780000 1.170000 191 59
96.990000 0.250000 133 64
97.890000 2.960000 238 53
95.780000 12.990000 215 49
93.860000 7.800000 205 57
93.850000 7.730000 228 62
94.020000 7.720000 212 47
92.900000 6.310000 338 86
99.560000 1.850000 282 60
93.690000 8.570000 213 68
92.830000 3.390000 193 71
93.880000 8.830000 344 62
100.780000 27.770000 147 65
88.010000 29.910000 226 84
88.040000 29.950000 209 61
96.300000 4.860000 203 65
93.620000 10.460000 200 81
99.270000 24.650000 185 58
99.810000 25.980000 156 74
99.780000 25.950000 177 59
99.500000 -3.950000 342 66
91.250000 9.380000 216 77
97.910000 29.980000 61 61
95.850000 1.180000 167 65
99.330000 28.220000 269 64
99.090000 28.400000 132 84
100.740000 -2.070000 297 52
99.380000 28.230000 237 85
99.340000 28.220000 132 77
99.500000 28.250000 93 80
99.550000 28.290000 109 68
93.070000 14.290000 237 69
95.150000 12.400000 216 51
100.570000 25.500000 171 76
109.260000 -7.990000 23 64
95.060000 12.280000 221 54
99.070000 2.840000 273 50
98.390000 0.630000 0 44
95.210000 12.440000 207 72
85.500000 29.280000 200 70
100.030000 1.120000 289 47
95.560000 6.000000 221 52
95.220000 12.520000 181 80
94.420000 20.780000 278 50
94.330000 7.430000 342 65
96.150000 2.770000 340 72
96.100000 2.590000 320 46
96.960000 0.200000 176 67
92.850000 14.070000 226 49
92.950000 14.120000 232 57
94.990000 12.300000 239 69
85.830000 28.240000 136 79
84.870000 27.800000 178 44
97.2513 1.3546 145 80
97.900000 1.540000 243 49
95.9397 3.8705 201 45
103.570000 -5.980000 305 54
99.570000 25.090000 8 70
98.890000 0.790000 275 63
99.290000 -0.480000 262 51
93.690000 10.220000 250 50
101.790000 -6.860000 303 70
99.570000 26.080000 2 66
87.510000 28.480000 194 73
87.530000 28.450000 187 59
87.480000 28.570000 231 81
100.670000 -2.100000 244 45
100.380000 -6.060000 317 53
108.160000 -4.860000 314 63
98.140000 1.530000 226 58
94.970000 12.200000 44 59
98.510000 3.350000 313 54
98.450000 3.280000 203 68
101.540000 -3.040000 252 45
99.520000 0.600000 10 58
99.190000 1.480000 284 77
99.1495 1.4122 152 55
95.120000 6.310000 340 43
103.970000 -8.150000 104 70
91.890000 1.170000 206 69
91.890000 12.780000 195 54
95.080000 11.980000 195 70
108.050000 29.360000 93 72
92.420000 8.440000 174 57
91.770000 8.250000 188 65
91.860000 8.340000 354 76
96.790000 -0.170000 211 72
108.380000 -4.980000 289 66
92.500000 13.160000 239 65
96.470000 14.540000 197 70
105.380000 -8.840000 300 87
97.000000 0.220000 179 69
102.350000 -2.680000 302 41
95.880000 3.940000 260 56
105.800000 -6.760000 242 46
93.040000 14.110000 195 57
95.160000 11.150000 17 68
95.420000 13.130000 161 80
108.600000 -9.510000 262 68
92.990000 13.890000 231 53
92.960000 13.870000 221 42
98.460000 0.650000 338 49
94.540000 18.470000 262 50
92.960000 11.290000 283 48
93.440000 20.520000 341 73
91.800000 28.770000 200 79
99.620000 -3.450000 187 70
106.680000 -6.780000 189 52
97.250000 3.870000 195 52
87.310000 28.590000 167 81
92.970000 9.370000 268 52
