98.950000 24.570000 187 13
98.710000 24.530000 197 1
98.640000 24.340000 205 20
98.700000 24.780000 203 3
101.050000 27.600000 337 21
100.020000 0.450000 177 6
92.990000 21.750000 172 10
93.350000 23.480000 354 37
95.890000 3.510000 302 30
94.150000 6.340000 228 5
100.580000 20.510000 13 2
101.150000 27.640000 331 39
101.050000 23.040000 179 11
95.860000 16.600000 240 18
96.510000 14.560000 41 0
101.140000 23.160000 352 21
98.780000 0.540000 183 5
105.960000 -6.310000 292 16
103.640000 -5.960000 254 40
94.250000 1.190000 149 2
91.200000 6.390000 331 15
96.320000 25.210000 221 11
102.710000 -3.300000 186 14
88.870000 -3.390000 145 3
101.360000 27.810000 170 16
102.050000 -4.290000 261 19
97.560000 4.030000 27 4
93.830000 10.660000 28 2
88.750000 27.390000 172 28
85.460000 8.070000 203 14
96.620000 25.490000 257 22
99.350000 21.060000 32 12
101.350000 23.010000 5 19
100.290000 -1.010000 204 11
94.030000 6.940000 41 8
93.970000 7.120000 226 4
94.790000 5.680000 320 4
93.950000 7.430000 37 8
101.880000 21.920000 8 19
103.510000 -6.290000 44 27
90.620000 19.530000 196 12
105.810000 23.840000 348 7
103.000000 -6.650000 231 9
100.780000 -6.150000 334 39
107.760000 -7.240000 297 5
103.380000 21.720000 338 17
103.440000 21.770000 348 1
94.720000 25.070000 29 4
104.620000 -5.860000 53 3
96.060000 26.130000 51 3
99.150000 22.040000 37 6
93.520000 24.220000 25 2
104.250000 -5.810000 205 2
99.090000 1.730000 197 4
97.120000 26.660000 267 18
104.180000 -5.920000 207 15
94.640000 7.120000 8 10
104.380000 -6.370000 168 22
95.120000 11.430000 202 32
102.870000 25.900000 317 29
93.600000 8.430000 213 4
87.190000 18.340000 20 21
95.590000 5.740000 7 17
105.410000 -6.050000 18 38
97.740000 25.340000 237 16
104.210000 -5.780000 199 18
104.360000 -5.880000 207 3
104.280000 -6.030000 205 32
104.300000 -5.790000 190 28
86.530000 28.720000 349 40
94.180000 8.780000 211 4
92.920000 23.820000 186 29
91.170000 25.100000 197 27
94.280000 23.780000 83 2
95.270000 11.720000 39 0
100.240000 0.080000 20 0
96.390000 4.480000 345 6
95.150000 6.760000 230 8
107.380000 -7.090000 15 14
103.290000 -4.930000 195 24
99.020000 2.260000 190 5
99.060000 2.020000 192 14
94.180000 25.260000 27 25
83.650000 29.420000 51 37
84.410000 -0.770000 172 0
95.350000 3.970000 149 13
108.810000 -8.150000 297 11
91.520000 24.650000 194 4
103.050000 -4.430000 10 0
102.130000 -3.420000 172 6
103.110000 -5.880000 280 24
99.770000 22.810000 198 4
99.660000 23.100000 196 14
99.830000 22.740000 25 11
99.840000 22.750000 31 12
92.300000 6.350000 154 16
96.830000 26.180000 246 6
94.150000 7.620000 16 6
94.050000 7.590000 356 27
97.940000 21.730000 27 2
94.580000 25.050000 27 12
94.650000 6.980000 20 29
99.470000 23.510000 201 3
89.770000 21.860000 221 6
102.430000 20.620000 345 24
95.680000 5.030000 118 8
96.160000 4.900000 171 17
95.020000 20.700000 317 1
98.770000 20.290000 33 14
98.850000 20.270000 308 17
82.430000 -0.320000 164 0
95.030000 11.590000 214 10
95.190000 11.600000 216 6
105.860000 -6.830000 234 37
96.620000 25.560000 256 8
105.220000 -6.850000 359 34
94.350000 7.320000 195 13
93.980000 7.470000 48 11
92.280000 -2.200000 336 15
93.820000 12.190000 248 4
97.560000 3.950000 345 15
94.020000 8.230000 212 2
95.980000 23.480000 228 6
102.630000 -3.490000 151 5
93.450000 7.220000 185 31
95.700000 15.650000 238 2
93.610000 24.160000 25 3
95.160000 12.620000 242 2
96.310000 14.850000 55 12
94.110000 8.260000 28 1
94.580000 6.930000 11 7
94.670000 6.890000 189 22
94.710000 6.680000 181 15
105.670000 -6.820000 352 16
93.850000 23.910000 200 8
106.120000 -5.990000 312 1
92.860000 9.230000 183 13
98.850000 22.340000 218 17
98.860000 22.360000 207 20
101.950000 -2.020000 159 19
95.890000 23.990000 229 20
89.960000 20.980000 34 14
96.290000 18.880000 24 13
102.180000 -4.090000 168 15
93.490000 9.190000 3 12
101.060000 23.020000 6 10
105.390000 -7.700000 304 12
94.420000 23.150000 309 37
101.460000 25.420000 162 0
104.210000 -5.770000 207 33
104.240000 -5.050000 179 10
96.840000 26.190000 46 7
94.270000 7.600000 13 1
94.000000 21.490000 173 12
96.370000 17.870000 40 16
106.490000 -8.920000 284 27
93.920000 8.060000 205 39
96.700000 25.490000 258 10
95.720000 13.560000 240 22
109.410000 20.490000 321 4
109.150000 20.040000 124 23
102.760000 -5.860000 132 10
92.300000 27.610000 174 34
102.850000 22.700000 327 12
99.200000 22.000000 21 15
99.160000 21.930000 15 3
93.720000 8.880000 52 36
101.410000 -2.090000 189 13
98.660000 -6.420000 133 20
102.270000 26.000000 330 17
95.060000 1.850000 147 9
94.510000 6.970000 196 4
94.480000 7.130000 11 3
94.220000 8.270000 37 2
96.250000 25.170000 48 7
94.800000 21.310000 150 1
93.580000 -8.030000 134 0
95.170000 5.850000 28 32
108.720000 -9.300000 11 7
97.940000 3.440000 9 2
106.980000 -7.760000 110 23
95.010000 19.330000 142 2
93.690000 8.860000 47 9
94.460000 22.570000 15 11
92.250000 24.890000 35 12
103.850000 -6.040000 193 14
96.490000 4.360000 342 13
94.600000 6.450000 151 0
86.850000 -0.480000 155 5
96.610000 25.380000 77 1
93.620000 9.350000 344 2
93.130000 1.640000 329 22
95.310000 24.930000 2 0
93.960000 10.150000 232 13
104.790000 -6.540000 234 23
104.910000 -6.510000 233 31
94.360000 7.350000 195 1
94.310000 7.320000 192 4
99.560000 -1.680000 314 6
94.280000 7.560000 21 8
98.800000 -6.220000 314 9
101.030000 27.310000 347 14
101.940000 -4.800000 209 24
107.130000 -7.530000 328 14
108.720000 -8.240000 271 14
95.850000 4.930000 352 16
101.980000 -2.770000 173 11
87.280000 -4.000000 337 25
93.680000 24.910000 39 9
94.990000 11.780000 22 36
90.140000 3.690000 341 6
94.450000 4.800000 220 15
104.710000 -5.890000 289 17
96.230000 18.390000 221 6
93.830000 8.350000 52 14
103.320000 -4.030000 4 9
91.930000 26.260000 198 7
100.320000 1.280000 312 24
88.980000 -1.340000 329 17
88.900000 -1.300000 322 3
89.040000 -1.270000 338 10
94.310000 7.140000 12 19
101.160000 25.590000 341 11
101.060000 25.610000 343 13
101.290000 19.830000 19 4
89.080000 -1.350000 332 8
102.030000 -6.730000 303 37
106.380000 -8.700000 195 22
96.010000 4.740000 3 21
102.090000 -4.720000 323 7
102.830000 -5.520000 38 27
102.150000 -5.030000 324 10
102.840000 -5.650000 209 3
102.180000 -4.910000 155 2
102.180000 -5.190000 309 25
96.210000 4.250000 163 3
102.890000 -5.560000 296 11
105.420000 -6.760000 13 8
93.270000 4.080000 147 0
94.750000 5.770000 319 18
94.920000 4.170000 16 0
102.060000 -4.430000 140 3
95.460000 6.420000 235 25
102.100000 -4.960000 324 9
97.810000 24.380000 11 0
102.450000 -5.280000 198 32
102.680000 -6.080000 201 29
92.910000 21.690000 171 8
105.250000 -6.530000 201 17
103.770000 -5.910000 244 38
89.080000 -4.260000 131 24
93.960000 8.730000 206 8
94.010000 8.660000 213 8
99.060000 24.770000 19 38
98.940000 0.880000 162 6
101.000000 27.690000 323 3
102.840000 -4.330000 195 30
97.380000 -1.370000 124 5
101.420000 24.880000 195 26
93.350000 12.220000 226 9
94.770000 6.320000 6 14
102.000000 -5.100000 333 7
82.500000 0.890000 144 11
100.650000 26.320000 352 14
102.850000 -6.010000 199 2
105.210000 -6.310000 29 9
102.190000 -4.810000 336 21
102.150000 -5.270000 312 17
103.870000 -6.930000 202 18
103.750000 -7.070000 9 7
104.020000 -7.000000 182 3
107.360000 -7.370000 199 28
103.630000 -7.060000 213 20
95.700000 13.250000 239 29
96.210000 2.890000 204 27
94.070000 8.840000 190 10
95.550000 12.920000 229 26
93.850000 7.770000 229 19
94.200000 7.840000 192 7
102.570000 -3.860000 153 2
89.330000 27.260000 358 29
92.560000 12.520000 214 39
94.970000 12.010000 41 21
94.980000 12.640000 45 8
95.630000 12.560000 205 23
100.820000 -0.540000 139 4
101.290000 25.980000 155 11
93.530000 12.120000 224 16
95.610000 29.570000 21 14
95.900000 5.320000 130 30
97.650000 4.620000 53 3
95.670000 19.920000 233 8
101.250000 25.950000 333 2
93.740000 7.240000 207 16
93.140000 12.960000 82 13
104.130000 -5.690000 217 17
104.080000 -6.020000 224 25
101.190000 -5.560000 313 36
103.110000 -4.740000 207 4
94.000000 8.860000 23 2
94.020000 8.900000 19 13
93.910000 9.040000 13 10
105.620000 -6.800000 152 41
93.570000 7.310000 177 0
95.100000 11.050000 216 40
94.810000 -8.780000 311 18
103.870000 27.270000 111 2
101.900000 -3.250000 162 26
95.510000 29.770000 350 11
106.200000 -7.440000 42 26
93.500000 9.540000 3 16
108.620000 -8.840000 175 21
92.840000 13.530000 257 10
92.910000 13.590000 91 14
92.950000 13.710000 8 11
93.460000 6.250000 142 31
93.210000 6.000000 324 34
92.100000 8.020000 337 25
93.820000 9.300000 14 14
92.360000 8.970000 335 13
91.790000 7.060000 327 19
92.160000 6.390000 245 7
94.140000 7.660000 7 10
96.160000 5.110000 5 28
95.260000 4.690000 139 6
93.800000 9.940000 196 2
92.260000 8.300000 13 5
93.160000 10.060000 136 31
94.610000 3.710000 193 9
92.850000 13.850000 274 20
93.130000 13.740000 247 9
92.070000 7.860000 328 23
93.890000 9.440000 8 8
92.300000 5.100000 333 20
94.460000 7.340000 20 18
92.630000 9.030000 335 10
96.680000 4.600000 336 29
94.440000 4.010000 307 27
91.910000 6.940000 331 11
91.960000 6.970000 333 8
93.610000 10.800000 7 14
93.120000 14.100000 267 16
92.880000 3.540000 319 33
93.760000 9.640000 339 16
92.260000 11.870000 210 6
92.210000 11.850000 14 5
95.980000 2.710000 232 3
93.990000 8.110000 38 10
92.700000 3.550000 326 38
94.860000 4.910000 323 5
92.860000 13.560000 232 27
93.010000 13.640000 106 33
94.340000 2.710000 47 16
96.130000 4.700000 6 16
92.480000 7.330000 336 8
96.280000 3.240000 201 18
94.040000 8.250000 27 27
94.060000 8.020000 20 14
93.990000 7.940000 15 21
94.250000 7.870000 1 28
94.000000 7.830000 16 21
92.840000 13.280000 102 24
94.090000 7.960000 6 30
94.060000 7.940000 30 15
93.950000 7.830000 15 18
94.140000 7.900000 216 9
94.160000 7.910000 1 25
94.140000 7.970000 25 35
94.030000 7.910000 33 7
94.110000 7.950000 3 9
94.270000 7.950000 1 29
94.090000 7.930000 32 24
94.010000 7.850000 7 15
93.820000 8.060000 30 22
94.130000 7.960000 16 36
93.860000 7.530000 349 38
94.170000 7.940000 39 0
94.180000 7.980000 212 42
94.000000 8.020000 31 2
94.350000 7.910000 49 2
94.100000 7.990000 12 22
94.220000 7.830000 8 24
94.120000 7.790000 14 13
94.120000 7.870000 18 14
94.270000 7.940000 30 10
94.150000 7.990000 16 23
94.120000 7.980000 20 23
94.240000 7.690000 233 31
94.210000 7.960000 226 31
94.120000 7.710000 13 43
94.200000 8.080000 31 4
93.900000 7.990000 35 12
94.160000 7.990000 37 8
94.090000 7.880000 13 12
94.210000 7.600000 18 18
94.110000 7.860000 7 22
94.060000 7.970000 16 32
94.160000 8.180000 48 12
93.470000 9.700000 12 7
94.180000 7.800000 340 30
94.030000 8.120000 9 34
94.120000 8.090000 8 36
94.110000 7.790000 10 9
94.100000 7.890000 14 23
94.020000 7.720000 355 38
94.180000 7.910000 26 21
93.560000 7.810000 2 27
94.020000 7.820000 2 35
93.900000 7.900000 353 38
93.990000 7.900000 2 27
94.030000 7.910000 12 24
94.130000 7.970000 1 29
94.000000 7.860000 1 26
94.050000 8.060000 21 20
94.060000 7.900000 5 23
94.110000 7.990000 1 28
93.960000 7.740000 19 13
94.100000 7.800000 23 9
94.160000 7.930000 3 22
94.240000 7.840000 4 30
94.480000 8.360000 11 23
94.280000 7.810000 353 25
94.390000 7.910000 18 15
94.110000 8.020000 6 25
94.330000 8.290000 39 15
94.270000 8.170000 218 39
94.130000 7.680000 33 1
93.150000 13.780000 271 8
92.930000 13.150000 56 5
94.230000 8.080000 222 32
94.280000 8.220000 53 14
96.760000 4.050000 344 24
94.260000 7.980000 219 24
94.260000 8.170000 226 3
94.070000 7.930000 3 29
94.310000 8.320000 44 3
90.380000 6.430000 327 8
93.250000 5.620000 333 12
94.320000 7.880000 20 17
94.180000 8.110000 227 1
93.030000 5.510000 329 10
93.630000 14.850000 254 13
92.190000 1.820000 328 21
92.520000 24.550000 1 30
94.540000 24.430000 225 3
93.970000 8.110000 216 0
95.290000 2.330000 187 6
94.100000 7.830000 12 28
95.070000 2.290000 197 10
94.280000 7.410000 359 27
91.630000 9.730000 277 12
95.290000 26.080000 348 30
94.840000 25.480000 15 15
87.930000 28.260000 331 19
99.210000 1.780000 13 7
98.140000 0.200000 183 2
97.160000 1.110000 213 14
98.110000 0.320000 359 9
97.460000 0.810000 199 15
93.100000 2.430000 318 18
95.890000 2.800000 209 17
97.010000 1.890000 208 13
96.300000 2.410000 210 20
97.420000 0.610000 7 0
97.380000 0.680000 191 6
97.730000 -0.220000 201 14
96.850000 2.100000 204 14
99.940000 -1.770000 184 7
99.910000 -1.820000 187 3
97.040000 0.320000 332 27
96.380000 3.050000 202 22
91.690000 9.290000 272 6
94.870000 4.710000 308 25
93.270000 5.590000 331 12
97.300000 1.080000 211 17
93.210000 5.690000 322 30
103.170000 -4.730000 216 12
94.750000 3.190000 196 8
96.600000 2.120000 207 20
97.640000 0.080000 226 23
92.130000 7.700000 333 4
93.180000 3.670000 317 31
97.240000 1.260000 39 2
106.240000 -6.870000 198 9
91.960000 7.740000 331 25
97.270000 1.170000 201 17
103.290000 -6.220000 221 7
105.870000 -6.700000 170 35
96.270000 4.340000 211 16
93.140000 5.170000 329 23
92.190000 7.920000 347 16
92.010000 7.790000 158 13
93.000000 8.020000 350 21
97.020000 1.900000 209 11
95.620000 2.730000 208 16
92.330000 8.380000 164 3
103.040000 26.570000 115 13
94.130000 7.740000 12 7
97.600000 0.030000 212 10
97.610000 0.050000 225 14
97.560000 -0.010000 47 24
97.700000 0.080000 52 6
97.870000 0.070000 203 13
95.580000 5.230000 359 16
92.060000 7.900000 335 35
105.460000 -6.880000 210 4
103.060000 -5.830000 183 7
98.190000 0.790000 326 23
94.300000 4.030000 57 18
81.860000 29.730000 227 24
108.390000 9.960000 339 23
108.290000 9.970000 342 21
97.460000 0.790000 219 16
95.270000 3.400000 138 1
88.130000 -2.010000 345 14
96.200000 25.010000 61 13
97.110000 1.330000 217 14
95.930000 2.610000 210 17
91.710000 26.910000 184 17
94.530000 24.270000 206 10
93.850000 23.180000 6 13
97.220000 3.460000 356 36
93.240000 2.650000 332 19
96.500000 2.150000 220 17
95.990000 4.550000 123 10
97.100000 3.170000 3 13
97.050000 0.090000 311 27
99.580000 1.740000 180 26
91.800000 10.440000 282 8
91.930000 20.630000 18 6
93.600000 8.810000 347 27
107.240000 -9.540000 288 5
104.140000 28.000000 296 5
101.600000 -4.880000 297 22
96.190000 4.840000 2 8
95.580000 19.260000 229 4
92.710000 24.660000 208 8
98.010000 -9.490000 316 20
93.350000 22.100000 173 13
96.230000 4.860000 5 12
99.860000 0.630000 27 3
105.640000 -6.780000 139 6
98.200000 22.020000 49 14
95.290000 19.190000 129 18
89.690000 1.980000 335 10
109.670000 -9.990000 274 12
93.600000 8.360000 1 12
94.400000 6.180000 145 9
93.060000 10.290000 7 16
100.500000 -0.490000 15 6
100.550000 -0.480000 14 7
100.910000 -0.400000 14 4
86.780000 -3.390000 345 9
91.520000 9.200000 240 13
89.420000 -1.320000 323 13
96.150000 15.530000 228 22
99.270000 1.760000 187 22
94.480000 23.160000 183 5
100.750000 20.500000 189 5
88.240000 27.330000 165 25
95.550000 2.630000 224 12
93.860000 8.310000 346 17
101.050000 23.030000 15 4
101.160000 23.030000 193 1
99.780000 21.470000 15 1
99.910000 21.550000 192 30
103.860000 -5.850000 203 17
96.580000 25.430000 61 9
91.000000 6.690000 336 14
93.990000 14.290000 77 29
102.350000 -3.000000 191 42
100.070000 -1.570000 325 21
92.900000 2.540000 330 25
91.800000 9.700000 242 9
92.390000 22.150000 207 12
104.560000 -6.510000 210 8
99.470000 -0.550000 205 25
108.300000 9.990000 337 19
100.840000 -4.520000 197 17
95.660000 5.420000 351 22
102.020000 -5.160000 322 19
92.390000 3.800000 336 20
97.500000 24.550000 213 5
98.240000 0.110000 186 15
99.150000 1.640000 196 1
99.180000 1.720000 191 18
101.140000 -1.830000 77 24
99.790000 -1.070000 302 27
91.810000 11.040000 5 15
97.680000 25.040000 232 5
101.940000 26.270000 325 2
101.970000 26.230000 327 14
98.090000 0.490000 196 10
97.780000 24.870000 231 4
90.310000 29.740000 32 37
100.140000 -0.250000 147 11
94.080000 8.740000 15 37
93.980000 8.720000 14 29
93.400000 4.570000 303 27
82.050000 29.950000 192 31
94.760000 6.880000 320 19
95.900000 22.750000 224 2
97.570000 23.970000 218 6
96.040000 15.650000 237 3
100.040000 0.070000 331 5
106.150000 -6.960000 208 12
101.910000 -5.960000 320 16
97.650000 3.360000 343 23
100.330000 -1.050000 85 16
101.100000 25.630000 159 6
101.030000 25.670000 336 2
101.040000 25.660000 188 22
95.500000 -8.960000 314 13
92.820000 14.050000 212 12
96.620000 4.600000 343 21
99.970000 0.530000 219 4
101.500000 -2.520000 186 16
100.820000 25.960000 151 4
91.900000 8.080000 350 3
96.200000 4.690000 6 8
92.780000 13.630000 214 26
92.790000 13.620000 210 24
93.790000 3.030000 317 32
93.140000 4.630000 312 35
101.930000 25.560000 330 16
86.730000 28.410000 331 25
100.070000 21.400000 195 31
92.830000 13.670000 219 34
99.170000 1.860000 10 17
101.720000 -5.550000 329 7
91.850000 7.800000 352 27
105.170000 -6.640000 183 18
99.180000 24.860000 198 39
95.790000 4.780000 295 4
91.940000 7.880000 168 0
91.990000 7.780000 333 24
91.820000 7.400000 346 20
91.960000 7.700000 337 8
92.050000 7.760000 357 17
91.860000 7.590000 334 10
99.790000 -0.740000 310 12
93.260000 14.370000 235 16
94.970000 11.600000 217 11
90.660000 23.410000 15 3
94.060000 7.790000 19 5
95.740000 6.440000 246 37
103.420000 20.860000 346 11
90.410000 4.240000 329 22
108.190000 9.870000 330 19
97.970000 24.720000 19 5
99.840000 20.690000 204 4
99.770000 20.650000 213 4
99.880000 20.710000 233 10
99.080000 1.140000 326 2
100.110000 20.740000 192 6
95.760000 4.030000 125 21
101.760000 -7.720000 133 2
99.230000 1.860000 10 14
99.110000 1.840000 8 23
99.110000 1.850000 345 30
100.190000 -3.410000 184 23
98.790000 0.970000 324 29
98.730000 24.930000 206 2
88.140000 27.720000 174 21
96.170000 2.450000 320 20
103.790000 -7.160000 290 29
97.610000 25.200000 244 8
96.420000 4.550000 353 26
93.210000 2.430000 328 11
93.220000 2.440000 318 31
93.020000 2.730000 318 27
97.060000 4.200000 328 29
100.160000 -0.840000 134 10
93.060000 2.330000 335 6
92.460000 0.800000 332 7
89.560000 2.870000 2 4
89.680000 1.840000 319 18
93.440000 2.400000 340 21
92.750000 3.750000 323 25
91.810000 1.040000 351 1
91.040000 1.550000 334 29
89.940000 3.400000 318 22
92.150000 1.040000 336 25
92.240000 0.460000 321 33
90.270000 2.580000 332 24
90.900000 1.880000 6 28
92.420000 0.800000 321 16
92.240000 0.180000 326 24
90.860000 1.420000 326 23
91.750000 1.380000 339 27
93.950000 8.870000 23 24
91.720000 1.150000 360 29
93.940000 9.010000 13 30
89.790000 2.220000 329 12
93.730000 1.910000 336 25
92.380000 1.900000 168 29
89.600000 1.760000 350 22
93.330000 14.400000 215 13
92.960000 3.310000 346 25
92.620000 3.860000 325 30
89.720000 2.000000 334 2
86.710000 3.560000 352 19
87.910000 4.810000 358 19
92.680000 4.020000 318 26
92.890000 26.190000 22 1
89.420000 -3.350000 326 13
86.750000 4.250000 325 10
89.560000 2.710000 162 11
92.910000 3.360000 336 27
93.320000 14.420000 44 17
97.900000 3.010000 296 23
90.510000 2.630000 321 13
94.700000 25.590000 12 5
86.570000 3.050000 351 19
96.530000 25.350000 84 10
94.480000 25.420000 207 7
96.430000 25.000000 52 14
89.700000 1.980000 167 18
94.300000 22.930000 35 21
89.540000 1.760000 317 24
92.000000 -0.220000 314 28
92.890000 3.320000 330 22
92.060000 -0.170000 319 24
92.010000 -0.180000 319 26
92.990000 4.410000 323 24
104.010000 27.570000 104 7
92.850000 13.640000 221 30
90.120000 3.580000 338 7
98.820000 -0.060000 123 5
96.680000 25.460000 76 29
92.780000 6.110000 333 9
92.580000 1.470000 302 7
95.890000 23.000000 220 23
95.830000 22.720000 45 1
95.870000 23.130000 225 5
95.940000 22.900000 223 17
95.960000 22.990000 225 9
89.790000 2.450000 311 9
95.890000 23.110000 221 20
90.430000 2.420000 339 20
101.250000 -7.890000 325 22
95.910000 22.780000 225 15
86.460000 -3.230000 164 17
92.720000 0.700000 346 24
95.910000 4.930000 355 22
100.280000 -1.540000 277 6
103.080000 27.240000 323 9
101.710000 23.240000 189 14
95.980000 23.070000 227 11
90.350000 2.600000 325 0
91.550000 2.710000 345 10
92.400000 0.760000 329 19
87.410000 6.270000 324 31
93.510000 10.620000 31 0
96.670000 4.640000 351 27
96.650000 4.660000 348 30
96.710000 4.650000 324 20
98.990000 1.800000 8 15
95.960000 22.980000 226 15
95.900000 22.880000 225 5
95.960000 22.940000 48 2
102.870000 28.090000 130 5
90.450000 3.230000 336 10
95.970000 5.100000 353 23
89.660000 1.830000 147 1
93.640000 26.410000 18 11
90.100000 2.470000 15 19
90.070000 4.210000 324 8
92.820000 5.420000 311 39
96.250000 -0.560000 338 17
102.000000 -5.730000 321 20
93.080000 14.330000 239 10
96.230000 4.240000 320 4
105.430000 -6.960000 182 5
95.910000 23.000000 224 18
93.960000 23.840000 208 21
94.310000 7.760000 360 35
94.330000 7.740000 17 18
94.270000 7.540000 6 36
94.180000 7.500000 17 20
94.300000 7.450000 8 27
86.720000 4.190000 3 13
104.230000 -4.670000 353 19
91.600000 4.030000 336 23
99.670000 19.660000 23 6
99.600000 19.630000 204 2
99.630000 19.700000 25 1
99.470000 19.620000 201 33
102.070000 25.550000 314 23
88.030000 18.200000 187 3
97.840000 24.970000 199 2
102.990000 -6.590000 212 23
97.850000 25.000000 37 4
89.780000 2.020000 320 8
96.510000 4.440000 339 21
102.370000 -2.780000 120 3
104.820000 -6.980000 189 16
93.090000 14.360000 228 28
96.480000 4.530000 351 22
103.410000 27.190000 296 9
94.570000 24.590000 10 5
103.550000 28.120000 272 5
103.250000 -3.990000 351 25
93.250000 22.210000 73 2
100.540000 -0.670000 10 18
102.790000 28.400000 119 10
100.470000 23.380000 194 2
94.510000 7.610000 354 37
94.300000 7.390000 3 19
94.240000 7.560000 3 31
94.410000 7.530000 8 28
94.190000 7.490000 8 30
89.780000 2.200000 333 5
94.330000 7.420000 0 34
94.180000 7.220000 355 29
94.360000 7.580000 11 14
94.310000 7.460000 20 24
94.200000 7.450000 24 22
94.360000 7.610000 349 38
94.360000 7.480000 7 26
94.380000 7.450000 357 35
93.510000 23.510000 10 43
92.800000 12.530000 206 5
90.110000 3.470000 150 7
100.470000 23.340000 34 6
100.530000 23.360000 204 9
94.270000 7.450000 4 30
94.720000 6.950000 5 33
94.690000 24.200000 22 1
92.350000 13.230000 14 14
93.920000 24.000000 33 15
92.870000 2.930000 329 22
98.850000 23.570000 25 11
96.010000 4.760000 358 25
103.140000 25.320000 141 19
89.620000 1.950000 329 7
89.610000 1.750000 344 5
98.960000 1.890000 338 5
88.060000 26.860000 9 38
102.220000 -2.540000 335 13
98.960000 -3.900000 317 22
101.170000 -1.530000 12 29
90.400000 26.640000 188 1
95.030000 11.420000 223 29
93.320000 5.020000 145 4
94.550000 6.880000 9 21
94.720000 7.040000 351 35
94.610000 6.790000 9 25
94.480000 6.770000 11 22
94.770000 7.120000 348 32
94.440000 6.680000 7 25
94.460000 6.880000 359 28
94.650000 6.840000 8 12
94.530000 6.980000 7 29
94.920000 6.490000 21 28
94.740000 6.510000 5 15
94.800000 6.380000 3 27
94.530000 6.830000 354 21
93.650000 24.810000 202 18
92.270000 0.450000 342 14
106.960000 -7.320000 171 34
94.330000 -4.950000 140 2
94.410000 -4.790000 314 23
94.570000 -4.860000 309 25
94.420000 -4.190000 319 19
94.400000 -4.500000 310 26
102.320000 -2.810000 309 14
97.970000 0.450000 7 13
94.370000 -4.510000 313 16
102.570000 -7.030000 314 43
89.470000 2.920000 347 24
91.500000 11.350000 189 15
92.500000 3.850000 329 24
92.640000 3.830000 323 33
92.540000 3.820000 329 28
99.490000 26.050000 158 0
100.090000 0.030000 29 8
101.220000 -6.760000 318 40
91.710000 10.160000 295 18
94.380000 8.390000 25 22
94.250000 8.360000 24 25
94.600000 22.900000 19 19
104.840000 -8.110000 300 15
96.170000 5.280000 14 24
92.020000 24.010000 19 4
94.500000 23.320000 348 23
98.480000 3.310000 326 43
103.430000 27.300000 296 2
93.480000 24.040000 25 1
94.670000 25.190000 30 10
103.570000 27.200000 294 16
96.000000 17.400000 52 1
92.300000 6.150000 335 2
99.920000 25.870000 186 3
99.840000 25.940000 183 3
93.050000 14.460000 208 3
83.160000 -7.350000 170 12
100.150000 20.710000 190 2
104.910000 28.160000 312 9
95.050000 11.490000 221 4
97.280000 4.210000 321 25
102.750000 -5.540000 313 14
106.260000 -8.320000 304 5
93.620000 24.320000 23 14
92.460000 0.590000 353 14
106.390000 -5.930000 360 35
102.170000 -3.110000 352 34
108.170000 -7.490000 278 12
94.400000 22.060000 359 7
92.170000 7.130000 340 1
105.960000 -7.090000 168 28
96.190000 4.750000 5 14
98.860000 2.070000 14 23
98.750000 1.000000 212 36
98.740000 1.000000 205 28
95.940000 19.830000 42 5
99.000000 2.000000 176 12
87.060000 -3.100000 335 11
94.610000 22.960000 9 5
94.450000 7.320000 16 15
100.770000 -0.970000 13 12
91.770000 7.420000 343 14
102.910000 24.300000 159 18
93.220000 14.070000 82 17
102.870000 24.190000 160 3
101.580000 23.330000 351 8
90.160000 26.370000 204 10
102.390000 -5.280000 297 21
94.180000 7.060000 333 3
96.130000 4.690000 2 18
102.220000 27.790000 138 3
93.390000 23.970000 207 15
98.780000 29.740000 83 6
105.010000 28.300000 304 11
101.770000 21.330000 187 15
99.070000 1.700000 10 14
96.330000 24.810000 256 26
94.370000 7.400000 332 24
85.730000 14.400000 183 4
101.770000 -6.570000 324 14
99.610000 19.190000 37 9
101.580000 -1.320000 314 2
90.280000 -3.280000 329 2
101.970000 -3.120000 149 1
94.310000 7.780000 18 19
94.250000 7.850000 16 25
94.360000 7.810000 11 8
94.330000 7.650000 17 16
94.310000 7.670000 11 25
94.450000 7.620000 18 17
94.320000 7.610000 24 21
94.200000 7.460000 19 7
94.300000 7.540000 27 25
94.260000 7.700000 197 27
94.210000 7.570000 24 18
94.220000 7.570000 40 12
94.390000 7.540000 22 16
94.270000 7.520000 30 21
94.340000 7.580000 353 21
94.420000 25.450000 37 18
94.340000 7.670000 20 40
94.250000 7.640000 16 37
94.200000 7.620000 19 31
94.410000 7.420000 10 11
94.380000 7.360000 16 14
94.370000 7.590000 23 23
94.370000 7.620000 10 9
95.720000 26.230000 239 9
92.670000 3.800000 324 18
103.600000 28.140000 305 16
94.310000 7.600000 22 25
97.1918 1.1677 265 39
104.930000 28.400000 72 3
92.710000 12.120000 205 27
96.9262 1.2363 298 19
100.730000 26.260000 344 14
93.240000 13.100000 233 25
95.520000 22.740000 232 4
102.270000 -6.020000 315 29
92.710000 3.520000 136 7
94.520000 7.210000 12 19
94.860000 7.280000 12 20
101.250000 19.440000 35 18
101.360000 19.450000 30 23
92.480000 2.400000 166 35
94.940000 19.230000 290 18
96.040000 23.180000 227 13
99.110000 1.800000 8 16
96.100000 24.420000 235 4
99.600000 1.230000 227 3
