> Austrailia_1
108.85047 -10.00197 179.800 251.760
107.58945 -9.96252 198.840 25.800
107.26695 -9.84057 202.083 49.907
106.85344 -9.65506 206.802 49.755
106.45593 -9.43905 210.840 49.841
106.06494 -9.21105 210.256 49.828
105.67594 -8.98005 211.727 49.860
105.28744 -8.74905 210.290 49.780
104.89544 -8.52505 209.706 49.770
104.49895 -8.31355 206.894 49.361
104.09345 -8.12105 204.304 49.654
103.68545 -7.93105 206.013 49.643
103.27796 -7.74305 203.869 49.410
102.88695 -7.52754 214.215 49.605
102.51495 -7.27754 213.987 49.499
102.09572 -7.55406 119.965 102.969
101.56279 -8.33711 127.759 107.517
100.96033 -9.10463 127.767 108.521
100.45506 -9.74506 127.959 71.958
105.12641 -10.03555 0.848 1067.333
> Indoburman_1
93.54680 25.40208 132.158 46.152
93.01839 24.70946 122.313 141.586
92.49554 23.77457 109.320 93.169
92.33646 22.74400 90.711 141.228
92.76454 21.06505 68.671 249.096
93.40861 19.56112 66.310 111.409
93.73177 18.68303 75.938 96.045
93.82946 17.75350 91.340 113.561
93.70029 16.89903 107.988 80.418
93.45630 16.24054 111.303 75.053
93.66143 15.96726 352.600 71.674
94.26907 15.95917 10.424 59.801
94.76370 17.00912 280.821 248.884
94.99699 18.19500 276.846 19.487
94.92317 18.62502 256.811 78.355
94.73368 19.24403 250.364 65.183
94.55360 19.74202 252.276 51.838
94.40656 20.09251 242.435 32.244
94.22118 20.46254 246.182 58.725
94.06608 21.00400 262.744 67.258
93.99604 21.52000 262.891 48.409
93.94403 21.92200 263.465 41.636
93.94346 22.34450 275.020 52.798
93.96101 22.90650 269.191 72.395
93.97747 23.38850 277.178 35.080
94.01000 23.59500 281.394 11.343
94.05399 23.70300 297.505 14.544
94.09749 23.88550 274.405 27.770
94.14098 24.08550 291.740 18.078
94.38049 24.47014 301.286 80.485
94.63545 24.89651 290.117 27.832
94.83812 25.30808 295.488 72.472
95.12091 25.68805 323.023 31.837
95.34291 25.88703 307.061 31.509
95.49345 26.09951 296.582 24.749
96.56898 26.97272 319.466 265.995
97.49140 28.12205 255.591 87.962
96.57390 27.95482 142.393 199.638
95.10371 26.84508 137.354 181.631
94.06786 25.92196 132.324 109.657
> Burma_1
92.40546 14.36015 119.285 116.958
91.98724 13.48955 109.973 97.348
91.71420 12.42803 100.204 146.865
91.59300 11.53900 90.470 53.153
91.58349 10.90700 91.075 87.415
91.56749 10.28500 92.093 50.961
91.54599 9.83000 93.246 50.341
91.54351 9.35400 87.625 55.645
91.55200 9.02200 91.380 18.241
91.61303 8.73551 73.055 47.540
91.75404 8.33251 68.743 47.364
91.91554 7.93701 67.216 47.515
92.08204 7.54301 67.320 47.479
92.23353 7.14251 71.522 47.714
92.37703 6.73851 69.612 47.566
92.51903 6.33400 71.915 47.723
92.64852 5.92450 73.162 47.746
92.77852 5.51500 71.764 47.765
92.92302 5.11050 69.061 47.740
93.08852 4.71401 65.765 47.798
93.29203 4.33651 57.707 47.745
93.53303 3.98051 54.225 47.827
93.77502 3.62451 57.461 47.876
94.02602 3.27501 51.254 47.899
94.30602 2.94651 47.935 48.074
94.61602 2.64801 39.930 47.806
94.94252 2.36551 41.838 48.171
95.26601 2.07701 41.646 48.185
95.58248 2.13901 306.845 57.251
95.92297 2.55201 311.905 61.861
96.50184 3.17957 312.999 127.906
97.08046 3.77302 316.923 56.344
97.13351 4.02351 210.395 34.074
96.90751 4.17701 219.187 26.753
96.78350 4.30300 238.691 13.015
96.67350 4.36150 186.126 17.730
96.49351 4.45051 218.787 28.584
96.23154 4.68602 223.932 49.695
96.00401 4.90050 222.145 19.722
95.82002 5.04401 215.561 32.129
95.57802 5.21501 215.177 33.593
95.33152 5.42451 225.140 38.441
95.12701 5.64701 230.793 28.704
94.94804 5.98301 247.776 56.700
94.67461 6.52803 240.445 79.013
94.69044 6.98804 321.658 54.159
94.67161 7.37105 227.910 69.555
94.61745 7.72503 321.964 44.055
94.60210 8.07954 233.645 64.222
94.30006 8.49902 235.715 50.344
94.07854 8.85251 241.250 42.240
94.20042 9.14456 329.315 54.745
94.31556 9.49351 246.310 54.285
94.12007 9.94351 247.357 54.585
94.21934 10.42456 307.036 70.935
94.61083 10.93356 307.058 70.957
94.91284 11.60602 283.929 95.784
95.01201 12.23850 268.175 47.727
95.02997 12.73150 274.999 62.173
95.77729 13.57054 321.348 199.946
96.49151 14.26450 265.301 30.236
96.46702 14.65450 267.174 56.667
96.43001 15.02250 258.464 25.762
96.15924 15.33514 219.941 69.028
95.50378 15.67388 199.639 92.807
94.81957 15.86167 190.446 59.914
94.26907 15.95917 190.575 59.801
93.66143 15.96726 172.783 71.674
92.99913 15.37274 119.906 141.876
> Dauky_1
91.35699 26.74903 174.160 17.369
91.18251 26.74803 185.159 17.446
90.98799 26.74754 175.560 21.315
90.77551 26.74554 183.389 20.988
90.56950 26.74704 177.493 19.979
90.36551 26.74854 183.452 20.591
90.15700 26.75454 180.353 20.851
89.94999 26.74654 174.715 20.345
89.73851 26.74404 183.560 21.788
89.51950 26.75354 182.099 21.759
89.29049 26.74955 176.033 23.790
89.08901 26.75102 187.044 16.407
88.91450 26.76453 183.160 18.394
88.72900 26.77403 183.488 18.498
88.54300 26.78353 183.144 18.490
88.35700 26.79253 183.145 18.489
88.16897 26.76603 159.967 20.084
89.11498 26.12020 33.173 248.336
90.47126 25.40286 17.828 68.847
90.90102 25.28504 13.123 21.477
91.30546 25.27830 356.712 60.521
91.80152 25.27863 4.606 39.446
92.24862 25.20621 14.192 52.223
92.66399 25.15559 357.038 33.055
93.02291 25.21813 342.601 41.095
93.37240 25.34858 331.532 35.300
93.61395 25.49003 319.918 22.813
94.06786 25.92196 312.002 109.657
95.10371 26.84508 316.748 181.631
96.57390 27.95482 321.642 199.638
97.11508 28.73376 224.700 72.406
96.25670 28.64478 148.753 135.441
95.35667 28.03635 133.534 88.439
94.40586 27.46547 153.825 141.189
92.83198 27.00058 167.984 189.424
91.76146 26.78307 165.987 28.348
91.53350 26.75453 181.832 17.782
> India_1
92.49554 23.77457 289.199 93.169
93.01839 24.70946 302.001 141.586
93.54680 25.40208 312.026 46.152
93.61395 25.49003 139.993 22.813
93.37240 25.34858 151.665 35.300
93.02291 25.21813 162.768 41.095
92.66399 25.15559 177.177 33.055
92.24862 25.20621 194.406 52.223
91.80152 25.27863 184.773 39.446
91.30546 25.27830 176.969 60.521
90.90102 25.28504 193.212 21.477
90.47126 25.40286 198.107 68.847
89.11498 26.12020 214.085 248.336
87.98547 26.69253 151.781 19.963
87.80653 26.68603 204.040 19.684
87.62201 26.73703 190.173 18.965
87.43301 26.76103 186.099 18.970
87.24002 26.79453 195.690 20.203
87.05547 26.77803 152.074 19.444
86.88796 26.68552 144.601 19.754
86.70701 26.64253 185.477 19.967
86.55653 26.72651 239.168 19.559
86.41002 26.82753 196.620 19.878
86.21752 26.88203 198.664 20.199
86.02452 26.94003 198.673 20.190
85.84304 27.01903 213.476 20.180
85.65952 27.08803 192.270 19.955
85.46202 27.12703 192.834 20.093
85.27003 27.18453 204.427 20.200
85.08103 27.25253 199.710 20.155
84.88351 27.29254 186.059 20.171
84.68051 27.30954 184.800 20.126
84.47699 27.31104 176.259 20.199
84.27449 27.29254 172.079 20.056
84.08153 27.31803 204.857 20.136
83.91204 27.41402 220.351 19.936
83.76854 27.54052 229.309 20.100
83.60653 27.64003 200.168 20.038
83.41051 27.68704 190.239 20.108
83.21052 27.72404 193.457 20.137
83.00850 27.74454 179.732 20.175
82.80549 27.72904 170.476 20.063
82.60747 27.68553 161.777 20.220
82.42403 27.69653 207.457 19.077
82.26654 27.80102 225.816 20.169
82.09952 27.89053 196.231 19.546
81.91052 27.93803 195.603 19.069
81.78253 28.04500 250.091 19.870
81.70853 28.21051 246.892 19.709
81.57203 28.32103 198.805 20.055
81.41354 28.41751 231.323 19.236
81.30254 28.56101 240.252 19.472
81.16754 28.68753 213.993 20.109
80.98152 28.75604 191.595 19.999
80.78253 28.80054 197.115 20.080
80.59103 28.86603 205.632 20.082
80.40654 28.94703 207.723 20.108
80.22404 29.03153 208.153 20.061
80.06652 29.09765 202.162 13.950
80.00000 12.31591 90.000 3737.340
80.18701 -4.44125 345.512 42.827
80.72304 -4.30308 345.527 79.941
81.38654 -4.12206 343.845 72.637
82.01553 -3.93956 343.764 72.683
82.56303 -3.74453 336.019 56.598
83.02953 -3.53703 335.966 56.755
83.49602 -3.32903 335.924 56.664
83.96202 -3.12103 335.927 56.674
84.59097 -3.09907 11.737 89.808
85.38297 -3.26258 11.670 89.772
86.13993 -3.53007 27.325 90.177
86.86292 -3.90208 27.273 90.344
87.57411 -3.80857 321.272 99.302
88.27160 -3.24906 321.195 99.322
88.72403 -2.62000 286.582 80.980
88.93202 -1.92250 286.611 80.877
89.23302 -1.37651 314.924 62.028
89.62751 -0.98101 314.927 62.189
90.22751 -0.61652 337.530 96.863
91.03301 -0.28351 337.554 96.970
91.83850 0.04950 337.527 96.868
92.64349 0.38251 337.524 96.866
93.44899 0.71552 337.546 96.964
94.13347 1.18751 312.647 92.376
94.75943 1.85703 313.398 111.428
94.94252 2.36551 221.851 48.171
94.61602 2.64801 219.946 47.806
94.30602 2.94651 227.950 48.074
94.02602 3.27501 231.269 47.899
93.77502 3.62451 237.476 47.876
93.53303 3.98051 234.243 47.827
93.29203 4.33651 237.724 47.745
93.08852 4.71401 245.779 47.798
92.92302 5.11050 249.074 47.740
92.77852 5.51500 251.777 47.765
92.64852 5.92450 253.175 47.746
92.51903 6.33400 251.929 47.723
92.37703 6.73851 249.630 47.566
92.23353 7.14251 251.539 47.714
92.08204 7.54301 247.342 47.479
91.91554 7.93701 247.239 47.515
91.75404 8.33251 248.765 47.364
91.61303 8.73551 253.074 47.540
91.55200 9.02200 271.380 18.241
91.54351 9.35400 267.629 55.645
91.54599 9.83000 273.242 50.341
91.56749 10.28500 272.090 50.961
91.58349 10.90700 271.072 87.415
91.59300 11.53900 270.469 53.153
91.71420 12.42803 280.153 146.865
91.98724 13.48955 289.902 97.348
92.40546 14.36015 299.153 116.958
92.99913 15.37274 299.732 141.876
93.45630 16.24054 291.232 75.053
93.70029 16.89903 287.921 80.418
93.82946 17.75350 271.332 113.561
93.73177 18.68303 256.008 96.045
93.40861 19.56112 246.453 111.409
92.76454 21.06505 248.983 249.096
92.33646 22.74400 270.704 141.228
> pamir001_1
80.06652 29.09765 22.097 13.950
80.22404 29.03153 28.065 20.061
80.40654 28.94703 27.635 20.108
80.59103 28.86603 25.543 20.082
80.78253 28.80054 17.020 20.080
80.98152 28.75604 11.498 19.999
81.16754 28.68753 33.911 20.109
81.30254 28.56101 60.204 19.472
81.41354 28.41751 51.265 19.236
81.57203 28.32103 18.713 20.055
81.70853 28.21051 66.854 19.709
81.78253 28.04500 70.059 19.870
81.91052 27.93803 15.516 19.069
82.09952 27.89053 16.141 19.546
82.26654 27.80102 45.750 20.169
82.42403 27.69653 27.378 19.077
82.60747 27.68553 341.687 20.220
82.80549 27.72904 350.382 20.063
83.00850 27.74454 359.636 20.175
83.21052 27.72404 13.364 20.137
83.41051 27.68704 10.146 20.108
83.60653 27.64003 20.080 20.038
83.76854 27.54052 49.248 20.100
83.91204 27.41402 40.280 19.936
84.08153 27.31803 24.772 20.136
84.27449 27.29254 351.987 20.056
84.47699 27.31104 356.166 20.199
84.68051 27.30954 4.707 20.126
84.88351 27.29254 5.966 20.171
85.08103 27.25253 19.622 20.155
85.27003 27.18453 24.342 20.200
85.46202 27.12703 12.744 20.093
85.65952 27.08803 12.180 19.955
85.84304 27.01903 33.398 20.180
86.02452 26.94003 18.585 20.190
86.21752 26.88203 18.576 20.199
86.41002 26.82753 16.533 19.878
86.55653 26.72651 59.123 19.559
86.70701 26.64253 5.387 19.967
86.88796 26.68552 324.528 19.754
87.05547 26.77803 331.996 19.444
87.24002 26.79453 15.602 20.203
87.43301 26.76103 6.014 18.970
87.62201 26.73703 10.088 18.965
87.80653 26.68603 23.959 19.684
87.98547 26.69253 331.702 19.963
88.16897 26.76603 339.881 20.084
88.35700 26.79253 3.061 18.489
88.54300 26.78353 3.061 18.490
88.72900 26.77403 3.404 18.498
88.91450 26.76453 3.077 18.394
89.08901 26.75102 6.970 16.407
89.29049 26.74955 355.926 23.790
89.51950 26.75354 2.001 21.759
89.73851 26.74404 3.462 21.788
89.94999 26.74654 354.623 20.345
90.15700 26.75454 0.258 20.851
90.36551 26.74854 3.359 20.591
90.56950 26.74704 357.403 19.979
90.77551 26.74554 3.294 20.988
90.98799 26.74754 355.464 21.315
91.18251 26.74803 5.080 17.446
91.35699 26.74903 354.082 17.369
91.53350 26.75453 1.751 17.782
91.76146 26.78307 345.862 28.348
92.83198 27.00058 347.136 189.424
94.40586 27.46547 333.234 141.189
95.35667 28.03635 313.243 88.439
96.25670 28.64478 328.186 135.441
96.58559 29.19026 224.712 72.236
94.63655 28.77631 156.843 356.901
91.26527 28.23514 185.001 336.057
88.64853 28.28248 176.441 177.474
86.94650 28.74687 216.876 194.633
85.57446 29.34919 189.827 111.259
84.49320 29.66500 207.714 112.373
83.85828 29.94855 206.836 25.421
81.87022 30.01322 180.935 360.180
80.00000 29.56063 90.000 97.712
> SouthEastAsia_1
109.44447 17.80499 179.173 117.639
108.83951 17.84551 226.999 15.360
107.60533 19.05733 226.132 359.359
105.91069 20.72721 228.248 154.087
105.04050 21.62992 228.201 115.845
104.32910 22.26735 218.885 88.809
103.59178 22.78200 215.735 101.096
103.18549 22.76600 90.851 62.276
103.19353 22.10800 88.240 84.103
102.94062 21.23871 116.735 122.284
102.28593 20.11743 120.272 162.002
101.65375 18.97466 114.274 124.950
100.83242 17.97885 138.771 162.734
98.37783 17.03709 165.995 411.807
96.51903 15.94450 89.017 137.568
96.46797 15.23101 122.215 24.967
96.43001 15.02250 78.451 25.762
96.46702 14.65450 87.168 56.667
96.49151 14.26450 85.295 30.236
95.77729 13.57054 141.688 199.946
95.02997 12.73150 95.010 62.173
95.01201 12.23850 88.172 47.727
94.91284 11.60602 103.972 95.784
94.61083 10.93356 127.132 70.957
94.21934 10.42456 127.106 70.935
94.12007 9.94351 67.324 54.585
94.31556 9.49351 66.278 54.285
94.20042 9.14456 149.383 54.745
94.07854 8.85251 61.222 42.240
94.30006 8.49902 55.677 50.344
94.60210 8.07954 53.596 64.222
94.61745 7.72503 142.007 44.055
94.67161 7.37105 47.856 69.555
94.69044 6.98804 141.705 54.159
94.67461 6.52803 60.405 79.013
94.94804 5.98301 67.756 56.700
95.12701 5.64701 50.777 28.704
95.33152 5.42451 45.117 38.441
95.57802 5.21501 35.154 33.593
95.82002 5.04401 35.540 32.129
96.00401 4.90050 42.134 19.722
96.23154 4.68602 43.906 49.695
96.49351 4.45051 38.771 28.584
96.67350 4.36150 6.114 17.730
96.78350 4.30300 58.686 13.015
96.90751 4.17701 39.173 26.753
97.13351 4.02351 30.376 34.074
97.39001 3.87151 31.047 32.117
97.62951 3.68901 43.130 35.127
97.81751 3.49000 51.503 25.856
97.95451 3.27500 62.553 31.073
98.12201 3.02350 51.101 36.431
98.33501 2.76801 49.353 37.515
98.58852 2.45901 51.611 51.350
98.85951 2.12451 50.301 44.364
99.12402 1.74450 58.840 58.861
99.32750 1.43300 51.969 23.998
99.46150 1.25550 53.886 25.464
99.62700 1.05600 47.517 32.265
99.86200 0.80350 46.724 44.442
100.05700 0.52050 67.129 33.188
100.12100 0.29100 86.269 20.503
100.18000 0.09800 62.312 25.366
100.22850 -0.06600 94.086 14.046
100.33450 -0.29350 56.110 44.070
100.45600 -0.52300 80.395 14.661
100.52150 -0.66400 54.358 20.798
100.64100 -0.87650 64.540 33.622
100.80100 -1.14450 54.162 36.075
101.03799 -1.47950 55.106 55.179
101.22350 -1.77350 64.340 22.329
101.41848 -2.04801 50.556 52.992
101.53500 -2.26750 134.570 11.082
101.56250 -2.37400 48.670 21.028
101.71999 -2.56300 51.195 33.676
101.89400 -2.75000 41.171 23.311
102.09399 -2.95151 47.641 39.881
102.27899 -3.20550 62.263 30.529
102.39949 -3.41550 57.495 23.338
102.55899 -3.63151 51.130 36.422
102.75249 -3.86650 49.978 31.221
103.05545 -4.17403 43.356 64.806
103.34350 -4.37850 3.427 16.771
103.50499 -4.45901 41.561 25.480
103.71548 -4.65601 44.288 38.544
104.06043 -4.98654 43.662 67.507
104.42095 -5.40602 56.441 56.052
105.23820 -5.86241 20.121 159.553
106.64924 -6.29001 14.059 167.089
108.69078 -6.74014 11.779 295.041
110.00000 5.40381 270.000 2759.770
> ChinaSea_1
108.20462 19.99088 188.336 379.218
107.60533 19.05733 45.353 359.359
108.83951 17.84551 46.969 15.360
109.44447 17.80499 358.833 117.639
110.00000 18.78303 270.000 215.633
> Myanmar_L_1
97.20719 19.62003 161.734 211.727
96.29207 19.02150 82.438 65.618
96.41021 18.26452 81.030 104.572
96.49754 17.18150 89.068 137.566
98.37783 17.03709 344.897 411.807
100.83242 17.97885 318.415 162.734
101.65375 18.97466 294.116 124.950
102.28593 20.11743 300.004 162.002
102.94062 21.23871 296.543 122.284
103.19353 22.10800 268.250 84.103
103.18549 22.76600 270.847 62.276
102.96067 23.14367 204.888 51.698
102.34996 23.39946 204.439 85.425
101.42462 24.28248 235.711 195.531
100.73082 24.85207 130.374 44.915
100.31051 24.47475 138.454 74.775
99.81703 23.97165 125.504 76.269
99.41919 23.46560 126.239 62.395
99.76160 22.82085 40.902 141.731
100.67342 22.07047 42.227 109.219
100.33717 21.26705 145.222 183.392
98.88896 20.35799 147.570 179.350
> EJAV_1
105.23820 -5.86241 199.982 159.553
104.82473 -6.16606 64.516 135.528
105.67312 -8.02041 66.091 317.408
106.45593 -9.43905 30.904 49.841
106.85344 -9.65506 26.870 49.755
107.26695 -9.84057 22.155 49.907
107.58945 -9.96252 18.878 25.800
108.85047 -10.00197 0.200 251.760
110.00000 -8.50290 270.000 332.940
108.69078 -6.74014 191.472 295.041
106.64924 -6.29001 193.898 167.089
> SouthChinaBlock_1
102.46205 29.83371 140.809 58.451
102.25104 29.51100 82.677 34.977
102.54752 28.96927 58.167 100.895
102.88401 27.71801 86.193 192.786
103.06736 26.50755 72.816 80.403
103.15739 25.69500 93.160 104.013
103.04942 25.10952 121.312 30.835
102.94596 24.79750 96.434 43.304
102.82087 24.44003 119.320 41.813
102.72552 23.75850 89.440 115.092
102.96067 23.14367 24.707 51.698
103.59178 22.78200 35.425 101.096
104.32910 22.26735 38.630 88.809
105.04050 21.62992 47.925 115.845
105.91069 20.72721 47.897 154.087
108.20462 19.99088 7.107 379.218
110.00000 24.87632 270.000 1139.454
106.34844 30.05045 181.828 703.154
> BurmanRanges_1
94.81957 15.86167 10.296 59.914
95.50378 15.67388 19.418 92.807
96.15924 15.33514 39.810 69.028
96.46797 15.23101 302.183 24.967
96.51903 15.94450 269.023 137.568
96.49754 17.18150 269.074 137.566
96.41021 18.26452 261.078 104.572
96.29207 19.02150 262.465 65.618
96.21205 19.52250 260.015 47.083
96.10773 20.27301 263.555 121.307
96.01256 21.09450 264.387 62.459
95.97701 21.61650 268.685 53.944
95.97450 22.05650 270.940 43.928
95.96252 22.42850 265.312 38.938
95.95749 22.76300 273.459 35.647
95.97500 23.00700 274.384 18.736
95.99099 23.24550 273.060 34.408
96.05679 23.88051 276.168 107.485
96.23659 24.77355 285.098 95.038
96.67483 25.62684 302.759 116.668
97.24487 26.57723 293.896 124.160
97.55135 27.41301 277.959 73.209
96.56898 26.97272 140.398 265.995
95.49345 26.09951 116.631 24.749
95.34291 25.88703 127.144 31.509
95.12091 25.68805 143.133 31.837
94.83812 25.30808 115.621 72.472
94.63545 24.89651 110.157 27.832
94.38049 24.47014 121.458 80.485
94.14098 24.08550 111.767 18.078
94.09749 23.88550 94.414 27.770
94.05399 23.70300 117.531 14.544
94.01000 23.59500 101.403 11.343
93.97747 23.38850 97.195 35.080
93.96101 22.90650 89.187 72.395
93.94346 22.34450 95.037 52.798
93.94403 21.92200 83.447 41.636
93.99604 21.52000 82.870 48.409
94.06608 21.00400 82.714 67.258
94.22118 20.46254 66.102 58.725
94.40656 20.09251 62.386 32.244
94.55360 19.74202 72.225 51.838
94.73368 19.24403 70.295 65.183
94.92317 18.62502 76.757 78.355
94.99699 18.19500 96.853 19.487
94.76370 17.00912 100.950 248.884
> southernmost_sliver_1
98.27787 22.86471 163.983 55.672
97.60235 22.74553 172.708 85.736
96.83453 22.70639 182.068 72.563
96.22469 22.82021 203.640 57.351
95.95749 22.76300 93.467 35.647
95.96252 22.42850 85.300 38.938
95.97450 22.05650 90.942 43.928
95.97701 21.61650 88.680 53.944
96.01256 21.09450 84.365 62.459
96.10773 20.27301 83.510 121.307
96.21205 19.52250 79.989 47.083
97.20719 19.62003 341.091 211.727
98.88896 20.35799 327.066 179.350
100.33717 21.26705 324.697 183.392
100.67342 22.07047 222.521 109.219
99.76160 22.82085 221.306 141.731
98.88860 23.08689 154.793 79.228
> Sumatra_sliver_1
95.92297 2.55201 131.921 61.861
95.58248 2.13901 126.857 57.251
95.57651 1.77451 46.875 48.292
95.86401 1.44850 50.318 48.400
96.12751 1.10200 55.183 48.487
96.37501 0.74250 55.728 48.574
96.60500 0.37150 60.678 48.590
96.82850 -0.00400 57.800 48.620
97.05450 -0.37850 59.980 48.672
97.27950 -0.75450 58.234 48.784
97.50649 -1.13000 59.469 48.798
97.73949 -1.50200 56.431 48.845
97.97899 -1.87050 57.556 48.885
98.21748 -2.24050 56.875 48.996
98.47298 -2.59901 52.228 48.958
98.74998 -2.94051 49.754 48.808
99.02398 -3.28451 53.261 48.986
99.28947 -3.63701 52.883 49.091
99.56047 -3.98551 51.519 49.012
99.83597 -4.33051 51.430 49.073
100.10097 -4.68501 55.193 49.301
100.38196 -5.02652 46.129 49.215
100.67346 -5.36052 51.898 49.324
100.95246 -5.70652 50.629 49.347
101.23645 -6.04952 50.449 49.475
101.51845 -6.39502 51.470 49.476
101.81445 -6.72752 45.580 49.368
102.14995 -7.01953 36.945 49.421
102.51495 -7.27754 34.035 49.499
102.88695 -7.52754 34.263 49.605
103.27796 -7.74305 23.924 49.410
103.68545 -7.93105 26.069 49.643
104.09345 -8.12105 24.363 49.654
104.49895 -8.31355 26.952 49.361
104.89544 -8.52505 29.764 49.770
105.28744 -8.74905 30.349 49.780
105.67594 -8.98005 31.787 49.860
106.06494 -9.21105 30.319 49.828
105.67312 -8.02041 245.927 317.408
104.82473 -6.16606 244.460 135.528
104.42095 -5.40602 236.414 56.052
104.06043 -4.98654 223.624 67.507
103.71548 -4.65601 224.268 38.544
103.50499 -4.45901 221.547 25.480
103.34350 -4.37850 183.415 16.771
103.05545 -4.17403 223.325 64.806
102.75249 -3.86650 229.965 31.221
102.55899 -3.63151 231.117 36.422
102.39949 -3.41550 237.488 23.338
102.27899 -3.20550 242.255 30.529
102.09399 -2.95151 227.629 39.881
101.89400 -2.75000 221.163 23.311
101.71999 -2.56300 231.187 33.676
101.56250 -2.37400 228.665 21.028
101.53500 -2.26750 314.573 11.082
101.41848 -2.04801 230.545 52.992
101.22350 -1.77350 244.337 22.329
101.03799 -1.47950 235.098 55.179
100.80100 -1.14450 234.158 36.075
100.64100 -0.87650 244.538 33.622
100.52150 -0.66400 234.357 20.798
100.45600 -0.52300 260.395 14.661
100.33450 -0.29350 236.109 44.070
100.22850 -0.06600 274.086 14.046
100.18000 0.09800 242.312 25.366
100.06800 0.22800 206.176 14.620
99.92800 0.33950 225.527 25.712
99.73600 0.51300 219.348 31.920
99.56000 0.71250 239.078 28.127
99.44350 0.97000 250.936 35.059
99.35350 1.23050 250.956 26.232
99.28800 1.43000 252.949 20.470
99.12402 1.74450 238.848 58.861
98.85951 2.12451 230.310 44.364
98.58852 2.45901 231.624 51.350
98.33501 2.76801 229.363 37.515
98.12201 3.02350 231.112 36.431
97.95451 3.27500 242.560 31.073
97.81751 3.49000 231.512 25.856
97.62951 3.68901 223.145 35.127
97.39001 3.87151 211.064 32.117
97.08046 3.77302 136.947 56.344
96.50184 3.17957 133.042 127.906
> 90East_1
101.51845 -6.39502 231.439 49.476
101.23645 -6.04952 230.419 49.475
100.95246 -5.70652 230.600 49.347
100.67346 -5.36052 231.872 49.324
100.38196 -5.02652 226.102 49.215
100.10097 -4.68501 235.172 49.301
99.83597 -4.33051 231.410 49.073
99.56047 -3.98551 231.500 49.012
99.28947 -3.63701 232.866 49.091
99.02398 -3.28451 233.246 48.986
98.74998 -2.94051 229.740 48.808
98.47298 -2.59901 232.216 48.958
98.21748 -2.24050 236.866 48.996
97.97899 -1.87050 237.549 48.885
97.73949 -1.50200 236.424 48.845
97.50649 -1.13000 239.464 48.798
97.27950 -0.75450 238.231 48.784
97.05450 -0.37850 239.979 48.672
96.82850 -0.00400 237.800 48.620
96.60500 0.37150 240.679 48.590
96.37501 0.74250 235.732 48.574
96.12751 1.10200 235.187 48.487
95.86401 1.44850 230.325 48.400
95.57651 1.77451 226.884 48.292
95.26601 2.07701 221.658 48.185
94.75943 1.85703 133.420 111.428
94.13347 1.18751 132.659 92.376
93.44899 0.71552 157.556 96.964
92.64349 0.38251 157.529 96.866
91.83850 0.04950 157.528 96.868
91.03301 -0.28351 157.550 96.970
90.22751 -0.61652 157.522 96.863
89.62751 -0.98101 134.920 62.189
89.23302 -1.37651 134.915 62.028
88.93202 -1.92250 106.604 80.877
88.72403 -2.62000 106.573 80.980
88.27160 -3.24906 141.156 99.322
87.57411 -3.80857 141.226 99.302
86.86292 -3.90208 207.224 90.344
86.13993 -3.53007 207.281 90.177
85.38297 -3.26258 191.625 89.772
84.59097 -3.09907 191.694 89.808
83.96202 -3.12103 155.902 56.674
83.49602 -3.32903 155.897 56.664
83.02953 -3.53703 155.937 56.755
82.56303 -3.74453 155.988 56.598
82.01553 -3.93956 163.720 72.683
81.38654 -4.12206 163.800 72.637
80.72304 -4.30308 165.474 79.941
80.18701 -4.44125 165.483 42.827
80.00000 -7.24472 90.000 612.746
90.12641 -10.15497 1.776 2217.444
100.45506 -9.74506 308.027 71.958
100.96033 -9.10463 307.863 108.521
101.56279 -8.33711 307.846 107.517
102.09572 -7.55406 300.026 102.969
102.14995 -7.01953 216.901 49.421
101.81445 -6.72752 225.543 49.368
> southeast_01_1
100.48470 29.78535 39.122 75.533
100.82211 29.25150 84.506 71.156
100.83943 28.52350 92.159 91.133
100.80238 27.42700 91.452 152.830
100.71516 26.15402 95.933 131.015
100.76176 25.28704 69.889 66.529
101.42462 24.28248 55.262 195.531
102.34996 23.39946 24.136 85.425
102.72552 23.75850 269.445 115.092
102.82087 24.44003 299.236 41.813
102.94596 24.79750 276.414 43.304
103.04942 25.10952 301.244 30.835
103.15739 25.69500 273.135 104.013
103.06736 26.50755 252.923 80.403
102.58374 27.37998 238.481 137.598
102.23194 28.32900 271.899 94.123
102.26096 29.05350 272.152 67.098
102.25104 29.51100 262.700 34.977
102.15543 29.83352 249.294 39.594
101.13186 30.00342 180.475 183.111
> WestOfSichuan_1
102.15543 29.83352 69.222 39.594
102.46205 29.83371 320.576 58.451
102.38975 30.00036 180.154 59.151
> hima-block_1
88.64853 28.28248 355.584 177.474
91.26527 28.23514 3.383 336.057
94.63655 28.77631 335.232 356.901
95.86908 29.65827 211.596 102.309
95.31896 29.94854 211.523 21.936
90.78914 30.07438 182.220 853.501
86.24783 29.63254 104.412 84.363
86.94650 28.74687 36.104 194.633
> east-central-tibet_1
95.31896 29.94854 31.426 21.936
95.86908 29.65827 31.148 102.309
96.58559 29.19026 44.453 72.236
97.11508 28.73376 44.446 72.406
97.49140 28.12205 75.485 87.962
97.88507 27.51778 41.450 74.222
98.60429 26.96317 40.372 114.034
99.25077 25.91665 75.094 163.900
100.02416 24.95206 26.086 126.878
100.73082 24.85207 310.253 44.915
100.76176 25.28704 249.986 66.529
100.71516 26.15402 275.873 131.015
100.80238 27.42700 271.434 152.830
100.83943 28.52350 272.142 91.133
100.82211 29.25150 264.540 71.156
100.48470 29.78535 219.423 75.533
97.70146 30.02325 181.240 477.528
> new_e_syntaxis_1
97.55135 27.41301 98.007 73.209
97.24487 26.57723 114.123 124.160
96.67483 25.62684 123.032 116.668
96.23659 24.77355 105.201 95.038
96.05679 23.88051 96.214 107.485
95.99099 23.24550 93.067 34.408
95.97500 23.00700 94.389 18.736
96.22469 22.82021 23.441 57.351
96.83453 22.70639 1.795 72.563
97.60235 22.74553 352.388 85.736
98.27787 22.86471 343.780 55.672
98.88860 23.08689 334.519 79.228
99.41919 23.46560 306.095 62.395
99.81703 23.97165 305.327 76.269
100.31051 24.47475 318.226 74.775
100.02416 24.95206 206.561 126.878
99.25077 25.91665 255.278 163.900
98.60429 26.96317 220.768 114.034
97.88507 27.51778 221.710 74.222
> CentralTibet_1
83.85828 29.94855 26.719 25.421
84.49320 29.66500 27.203 112.373
85.57446 29.34919 9.272 111.259
86.24783 29.63254 284.305 84.363
85.04845 30.00647 180.654 251.910
> Sumatran_fault_splay_1
99.86200 0.80350 226.728 44.442
99.62700 1.05600 227.520 32.265
99.46150 1.25550 233.889 25.464
99.32750 1.43300 231.972 23.998
99.28800 1.43000 72.947 20.470
99.35350 1.23050 70.954 26.232
99.44350 0.97000 70.935 35.059
99.56000 0.71250 59.076 28.127
99.73600 0.51300 39.346 31.920
99.92800 0.33950 45.526 25.712
100.06800 0.22800 26.175 14.620
100.12100 0.29100 266.269 20.503
100.05700 0.52050 247.130 33.188
> XXF_1
102.88401 27.71801 266.253 192.786
102.54752 28.96927 238.431 100.895
102.26096 29.05350 92.165 67.098
102.23194 28.32900 91.915 94.123
102.58374 27.37998 58.145 137.598
> END
