98.710000 24.530000 152 .35
98.640000 24.340000 252 .35
98.700000 24.780000 248 .35
101.050000 27.600000 289 .35
100.020000 0.450000 222 .35
92.990000 21.750000 126 .35
93.350000 23.480000 55 .35
95.890000 3.510000 357 .35
94.150000 6.340000 185 .35
100.580000 20.510000 58 .35
101.150000 27.640000 275 .35
101.050000 23.040000 133 .35
95.860000 16.600000 287 .35
96.510000 14.560000 86 .35
101.140000 23.160000 303 .35
98.780000 0.540000 143 .35
105.960000 -6.310000 339 .35
103.640000 -5.960000 197 .35
94.250000 1.190000 194 .35
91.200000 6.390000 284 .35
96.320000 25.210000 267 .35
102.710000 -3.300000 139 .35
88.870000 -3.390000 190 .35
101.360000 27.810000 123 .35
102.050000 -4.290000 307 .35
97.560000 4.030000 342 .35
93.830000 10.660000 64 .35
88.750000 27.390000 119 .35
85.460000 8.070000 250 .35
96.620000 25.490000 208 .35
99.350000 21.060000 347 .35
101.350000 23.010000 53 .35
100.290000 -1.010000 249 .35
94.030000 6.940000 357 .35
93.970000 7.120000 271 .35
94.790000 5.680000 4 .35
93.950000 7.430000 351 .35
101.880000 21.920000 319 .35
103.510000 -6.290000 352 .35
90.620000 19.530000 150 .35
105.810000 23.840000 303 .35
103.000000 -6.650000 272 .35
100.780000 -6.150000 279 .35
107.760000 -7.240000 260 .35
103.380000 21.720000 290 .35
103.440000 21.770000 304 .35
94.720000 25.070000 71 .35
104.620000 -5.860000 13 .35
96.060000 26.130000 87 .35
99.150000 22.040000 354 .35
93.520000 24.220000 67 .35
104.250000 -5.810000 160 .35
99.090000 1.730000 151 .35
97.120000 26.660000 221 .35
104.180000 -5.920000 253 .35
94.640000 7.120000 54 .35
104.380000 -6.370000 217 .35
95.120000 11.430000 259 .35
102.870000 25.900000 10 .35
93.600000 8.430000 258 .35
87.190000 18.340000 330 .35
95.590000 5.740000 55 .35
105.410000 -6.050000 320 .35
97.740000 25.340000 284 .35
104.210000 -5.780000 247 .35
104.360000 -5.880000 252 .35
104.280000 -6.030000 257 .35
104.300000 -5.790000 140 .35
86.530000 28.720000 50 .35
94.180000 8.780000 256 .35
92.920000 23.820000 134 .35
91.170000 25.100000 250 .35
94.280000 23.780000 40 .35
95.270000 11.720000 83 .35
100.240000 0.080000 336 .35
96.390000 4.480000 28 .35
95.150000 6.760000 184 .35
107.380000 -7.090000 61 .35
103.290000 -4.930000 144 .35
99.020000 2.260000 234 .35
99.060000 2.020000 239 .35
94.180000 25.260000 337 .35
83.650000 29.420000 351 .35
84.410000 -0.770000 217 .35
95.350000 3.970000 102 .35
108.810000 -8.150000 256 .35
91.520000 24.650000 149 .35
103.050000 -4.430000 54 .35
102.130000 -3.420000 127 .35
103.110000 -5.880000 330 .35
99.770000 22.810000 243 .35
99.660000 23.100000 243 .35
99.830000 22.740000 341 .35
99.840000 22.750000 77 .35
92.300000 6.350000 201 .35
96.830000 26.180000 205 .35
94.150000 7.620000 332 .35
94.050000 7.590000 48 .35
97.940000 21.730000 343 .35
94.580000 25.050000 341 .35
94.650000 6.980000 326 .35
99.470000 23.510000 245 .35
89.770000 21.860000 264 .35
102.430000 20.620000 295 .35
95.680000 5.030000 79 .35
96.160000 4.900000 219 .35
95.020000 20.700000 353 .35
98.770000 20.290000 346 .35
98.850000 20.270000 355 .35
82.430000 -0.320000 209 .35
95.030000 11.590000 168 .35
95.190000 11.600000 170 .35
105.860000 -6.830000 179 .35
96.620000 25.560000 302 .35
105.220000 -6.850000 306 .35
94.350000 7.320000 242 .35
93.980000 7.470000 95 .35
92.280000 -2.200000 289 .35
93.820000 12.190000 203 .35
97.560000 3.950000 32 .35
94.020000 8.230000 257 .35
95.980000 23.480000 272 .35
102.630000 -3.490000 109 .35
93.450000 7.220000 129 .35
95.700000 15.650000 283 .35
93.610000 24.160000 69 .35
95.160000 12.620000 287 .35
96.310000 14.850000 9 .35
94.110000 8.260000 343 .35
94.580000 6.930000 326 .35
94.670000 6.890000 237 .35
94.710000 6.680000 227 .35
105.670000 -6.820000 39 .35
93.850000 23.910000 155 .35
106.120000 -5.990000 274 .35
92.860000 9.230000 137 .35
98.850000 22.340000 264 .35
98.860000 22.360000 255 .35
101.950000 -2.020000 205 .35
95.890000 23.990000 278 .35
89.960000 20.980000 349 .35
96.290000 18.880000 338 .35
102.180000 -4.090000 126 .35
93.490000 9.190000 47 .35
101.060000 23.020000 320 .35
105.390000 -7.700000 350 .35
94.420000 23.150000 9 .35
101.460000 25.420000 119 .35
104.210000 -5.770000 152 .35
104.240000 -5.050000 225 .35
96.840000 26.190000 6 .35
94.270000 7.600000 58 .35
94.000000 21.490000 126 .35
96.370000 17.870000 353 .35
106.490000 -8.920000 334 .35
93.920000 8.060000 260 .35
96.700000 25.490000 304 .35
95.720000 13.560000 287 .35
109.410000 20.490000 278 .35
109.150000 20.040000 174 .35
102.760000 -5.860000 91 .35
92.300000 27.610000 232 .35
102.850000 22.700000 12 .35
99.200000 22.000000 334 .35
99.160000 21.930000 330 .35
93.720000 8.880000 105 .35
101.410000 -2.090000 236 .35
98.660000 -6.420000 181 .35
102.270000 26.000000 283 .35
95.060000 1.850000 102 .35
94.510000 6.970000 241 .35
94.480000 7.130000 56 .35
94.220000 8.270000 352 .35
96.250000 25.170000 3 .35
94.800000 21.310000 114 .35
93.580000 -8.030000 179 .35
95.170000 5.850000 331 .35
108.720000 -9.300000 51 .35
97.940000 3.440000 324 .35
106.980000 -7.760000 158 .35
95.010000 19.330000 101 .35
93.690000 8.860000 2 .35
94.460000 22.570000 60 .35
92.250000 24.890000 348 .35
103.850000 -6.040000 235 .35
96.490000 4.360000 295 .35
94.600000 6.450000 106 .35
86.850000 -0.480000 200 .35
96.610000 25.380000 32 .35
93.620000 9.350000 21 .35
93.130000 1.640000 18 .35
95.310000 24.930000 42 .35
93.960000 10.150000 278 .35
104.790000 -6.540000 282 .35
104.910000 -6.510000 283 .35
94.360000 7.350000 150 .35
94.310000 7.320000 147 .35
99.560000 -1.680000 359 .35
94.280000 7.560000 66 .35
98.800000 -6.220000 359 .35
101.030000 27.310000 301 .35
101.940000 -4.800000 258 .35
107.130000 -7.530000 14 .35
108.720000 -8.240000 316 .35
95.850000 4.930000 304 .35
101.980000 -2.770000 215 .35
87.280000 -4.000000 28 .35
93.680000 24.910000 356 .35
94.990000 11.780000 81 .35
90.140000 3.690000 27 .35
94.450000 4.800000 174 .35
104.710000 -5.890000 335 .35
96.230000 18.390000 175 .35
93.830000 8.350000 97 .35
103.320000 -4.030000 318 .35
91.930000 26.260000 154 .35
100.320000 1.280000 2 .35
88.980000 -1.340000 282 .35
88.900000 -1.300000 277 .35
89.040000 -1.270000 292 .35
94.310000 7.140000 324 .35
101.160000 25.590000 295 .35
101.060000 25.610000 297 .35
101.290000 19.830000 334 .35
89.080000 -1.350000 287 .35
102.030000 -6.730000 0 .35
106.380000 -8.700000 145 .35
96.010000 4.740000 314 .35
102.090000 -4.720000 2 .35
102.830000 -5.520000 346 .35
102.150000 -5.030000 8 .35
102.840000 -5.650000 252 .35
102.180000 -4.910000 111 .35
102.180000 -5.190000 0 .35
96.210000 4.250000 206 .35
102.890000 -5.560000 342 .35
105.420000 -6.760000 59 .35
93.270000 4.080000 102 .35
94.750000 5.770000 6 .35
94.920000 4.170000 57 .35
102.060000 -4.430000 95 .35
95.460000 6.420000 285 .35
102.100000 -4.960000 9 .35
97.810000 24.380000 54 .35
102.450000 -5.280000 144 .35
102.680000 -6.080000 252 .35
92.910000 21.690000 126 .35
105.250000 -6.530000 153 .35
103.770000 -5.910000 298 .35
89.080000 -4.260000 178 .35
93.960000 8.730000 160 .35
94.010000 8.660000 258 .35
99.060000 24.770000 327 .35
98.940000 0.880000 121 .35
101.000000 27.690000 278 .35
102.840000 -4.330000 142 .35
97.380000 -1.370000 86 .35
101.420000 24.880000 143 .35
93.350000 12.220000 184 .35
94.770000 6.320000 53 .35
102.000000 -5.100000 18 .35
82.500000 0.890000 190 .35
100.650000 26.320000 305 .35
102.850000 -6.010000 239 .35
105.210000 -6.310000 74 .35
102.190000 -4.810000 25 .35
102.150000 -5.270000 0 .35
103.870000 -6.930000 156 .35
103.750000 -7.070000 53 .35
104.020000 -7.000000 227 .35
107.360000 -7.370000 253 .35
103.630000 -7.060000 166 .35
95.700000 13.250000 187 .35
96.210000 2.890000 152 .35
94.070000 8.840000 235 .35
95.550000 12.920000 281 .35
93.850000 7.770000 181 .35
94.200000 7.840000 147 .35
102.570000 -3.860000 194 .35
89.330000 27.260000 310 .35
92.560000 12.520000 155 .35
94.970000 12.010000 353 .35
94.980000 12.640000 90 .35
95.630000 12.560000 157 .35
100.820000 -0.540000 101 .35
101.290000 25.980000 110 .35
93.530000 12.120000 180 .35
95.610000 29.570000 335 .35
95.900000 5.320000 184 .35
97.650000 4.620000 13 .35
95.670000 19.920000 278 .35
101.250000 25.950000 288 .35
93.740000 7.240000 164 .35
93.140000 12.960000 124 .35
104.130000 -5.690000 169 .35
104.080000 -6.020000 173 .35
101.190000 -5.560000 8 .35
103.110000 -4.740000 247 .35
94.000000 8.860000 67 .35
94.020000 8.900000 66 .35
93.910000 9.040000 59 .35
105.620000 -6.800000 97 .35
93.570000 7.310000 133 .35
95.100000 11.050000 274 .35
94.810000 -8.780000 356 .35
103.870000 27.270000 66 .35
101.900000 -3.250000 110 .35
95.510000 29.770000 36 .35
106.200000 -7.440000 94 .35
93.500000 9.540000 48 .35
108.620000 -8.840000 224 .35
92.840000 13.530000 299 .35
92.910000 13.590000 47 .35
92.950000 13.710000 54 .35
93.460000 6.250000 194 .35
93.210000 6.000000 22 .35
92.100000 8.020000 28 .35
93.820000 9.300000 61 .35
92.360000 8.970000 21 .35
91.790000 7.060000 280 .35
92.160000 6.390000 290 .35
94.140000 7.660000 53 .35
96.160000 5.110000 56 .35
95.260000 4.690000 94 .35
93.800000 9.940000 241 .35
92.260000 8.300000 56 .35
93.160000 10.060000 185 .35
94.610000 3.710000 237 .35
92.850000 13.850000 323 .35
93.130000 13.740000 291 .35
92.070000 7.860000 19 .35
93.890000 9.440000 53 .35
92.300000 5.100000 21 .35
94.460000 7.340000 333 .35
92.630000 9.030000 21 .35
96.680000 4.600000 27 .35
94.440000 4.010000 358 .35
91.910000 6.940000 285 .35
91.960000 6.970000 18 .35
93.610000 10.800000 51 .35
93.120000 14.100000 314 .35
92.880000 3.540000 15 .35
93.760000 9.640000 293 .35
92.260000 11.870000 255 .35
92.210000 11.850000 59 .35
95.980000 2.710000 274 .35
93.990000 8.110000 83 .35
92.700000 3.550000 23 .35
94.860000 4.910000 2 .35
92.860000 13.560000 180 .35
93.010000 13.640000 49 .35
94.340000 2.710000 0 .35
96.130000 4.700000 52 .35
92.480000 7.330000 22 .35
96.280000 3.240000 156 .35
94.040000 8.250000 75 .35
94.060000 8.020000 67 .35
93.990000 7.940000 64 .35
94.250000 7.870000 54 .35
94.000000 7.830000 65 .35
92.840000 13.280000 51 .35
94.090000 7.960000 60 .35
94.060000 7.940000 76 .35
93.950000 7.830000 63 .35
94.140000 7.900000 170 .35
94.160000 7.910000 52 .35
94.140000 7.970000 80 .35
94.030000 7.910000 78 .35
94.110000 7.950000 48 .35
94.270000 7.950000 55 .35
94.090000 7.930000 82 .35
94.010000 7.850000 54 .35
93.820000 8.060000 79 .35
94.130000 7.960000 73 .35
93.860000 7.530000 51 .35
94.170000 7.940000 84 .35
94.180000 7.980000 156 .35
94.000000 8.020000 346 .35
94.350000 7.910000 94 .35
94.100000 7.990000 62 .35
94.220000 7.830000 58 .35
94.120000 7.790000 60 .35
94.120000 7.870000 64 .35
94.270000 7.940000 76 .35
94.150000 7.990000 65 .35
94.120000 7.980000 70 .35
94.240000 7.690000 178 .35
94.210000 7.960000 173 .35
94.120000 7.710000 73 .35
94.200000 8.080000 72 .35
93.900000 7.990000 81 .35
94.160000 7.990000 351 .35
94.090000 7.880000 59 .35
94.210000 7.600000 66 .35
94.110000 7.860000 56 .35
94.060000 7.970000 69 .35
94.160000 8.180000 94 .35
93.470000 9.700000 327 .35
94.180000 7.800000 35 .35
94.030000 8.120000 64 .35
94.120000 8.090000 65 .35
94.110000 7.790000 52 .35
94.100000 7.890000 64 .35
94.020000 7.720000 54 .35
94.180000 7.910000 74 .35
93.560000 7.810000 54 .35
94.020000 7.820000 59 .35
93.900000 7.900000 301 .35
93.990000 7.900000 53 .35
94.030000 7.910000 62 .35
94.130000 7.970000 53 .35
94.000000 7.860000 53 .35
94.050000 8.060000 70 .35
94.060000 7.900000 55 .35
94.110000 7.990000 53 .35
93.960000 7.740000 65 .35
94.100000 7.800000 69 .35
94.160000 7.930000 52 .35
94.240000 7.840000 58 .35
94.480000 8.360000 61 .35
94.280000 7.810000 44 .35
94.390000 7.910000 64 .35
94.110000 8.020000 56 .35
94.330000 8.290000 86 .35
94.270000 8.170000 271 .35
94.130000 7.680000 78 .35
93.150000 13.780000 316 .35
92.930000 13.150000 13 .35
94.230000 8.080000 171 .35
94.280000 8.220000 6 .35
96.760000 4.050000 34 .35
94.260000 7.980000 267 .35
94.260000 8.170000 181 .35
94.070000 7.930000 55 .35
94.310000 8.320000 359 .35
90.380000 6.430000 281 .35
93.250000 5.620000 287 .35
94.320000 7.880000 67 .35
94.180000 8.110000 272 .35
93.030000 5.510000 283 .35
93.630000 14.850000 299 .35
92.190000 1.820000 16 .35
92.520000 24.550000 55 .35
94.540000 24.430000 186 .35
93.970000 8.110000 261 .35
95.290000 2.330000 142 .35
94.100000 7.830000 63 .35
95.070000 2.290000 240 .35
94.280000 7.410000 51 .35
91.630000 9.730000 321 .35
95.290000 26.080000 42 .35
94.840000 25.480000 61 .35
87.930000 28.260000 19 .35
99.210000 1.780000 58 .35
98.140000 0.200000 228 .35
97.160000 1.110000 166 .35
98.110000 0.320000 314 .35
97.460000 0.810000 245 .35
93.100000 2.430000 5 .35
95.890000 2.800000 162 .35
97.010000 1.890000 254 .35
96.300000 2.410000 258 .35
97.420000 0.610000 44 .35
97.380000 0.680000 236 .35
97.730000 -0.220000 246 .35
96.850000 2.100000 160 .35
99.940000 -1.770000 222 .35
99.910000 -1.820000 231 .35
97.040000 0.320000 22 .35
96.380000 3.050000 249 .35
91.690000 9.290000 311 .35
94.870000 4.710000 359 .35
93.270000 5.590000 285 .35
97.300000 1.080000 167 .35
93.210000 5.690000 17 .35
103.170000 -4.730000 174 .35
94.750000 3.190000 240 .35
96.600000 2.120000 159 .35
97.640000 0.080000 277 .35
92.130000 7.700000 18 .35
93.180000 3.670000 13 .35
97.240000 1.260000 357 .35
106.240000 -6.870000 237 .35
91.960000 7.740000 22 .35
97.270000 1.170000 247 .35
103.290000 -6.220000 175 .35
105.870000 -6.700000 118 .35
96.270000 4.340000 258 .35
93.140000 5.170000 19 .35
92.190000 7.920000 299 .35
92.010000 7.790000 111 .35
93.000000 8.020000 39 .35
97.020000 1.900000 249 .35
95.620000 2.730000 255 .35
92.330000 8.380000 119 .35
103.040000 26.570000 162 .35
94.130000 7.740000 57 .35
97.600000 0.030000 255 .35
97.610000 0.050000 267 .35
97.560000 -0.010000 356 .35
97.700000 0.080000 8 .35
97.870000 0.070000 157 .35
95.580000 5.230000 45 .35
92.060000 7.900000 34 .35
105.460000 -6.880000 165 .35
103.060000 -5.830000 229 .35
98.190000 0.790000 16 .35
94.300000 4.030000 10 .35
81.860000 29.730000 278 .35
108.390000 9.960000 27 .35
108.290000 9.970000 30 .35
97.460000 0.790000 171 .35
95.270000 3.400000 93 .35
88.130000 -2.010000 31 .35
96.200000 25.010000 14 .35
97.110000 1.330000 173 .35
95.930000 2.610000 166 .35
91.710000 26.910000 231 .35
94.530000 24.270000 161 .35
93.850000 23.180000 52 .35
97.220000 3.460000 56 .35
93.240000 2.650000 20 .35
96.500000 2.150000 263 .35
95.990000 4.550000 78 .35
97.100000 3.170000 316 .35
97.050000 0.090000 2 .35
99.580000 1.740000 128 .35
91.800000 10.440000 327 .35
91.930000 20.630000 333 .35
93.600000 8.810000 36 .35
107.240000 -9.540000 333 .35
104.140000 28.000000 257 .35
101.600000 -4.880000 344 .35
96.190000 4.840000 48 .35
95.580000 19.260000 274 .35
92.710000 24.660000 165 .35
98.010000 -9.490000 4 .35
93.350000 22.100000 126 .35
96.230000 4.860000 51 .35
99.860000 0.630000 72 .35
105.640000 -6.780000 102 .35
98.200000 22.020000 2 .35
95.290000 19.190000 84 .35
89.690000 1.980000 21 .35
109.670000 -9.990000 320 .35
93.600000 8.360000 46 .35
94.400000 6.180000 103 .35
93.060000 10.290000 51 .35
100.500000 -0.490000 60 .35
100.550000 -0.480000 59 .35
100.910000 -0.400000 58 .35
86.780000 -3.390000 302 .35
91.520000 9.200000 286 .35
89.420000 -1.320000 10 .35
96.150000 15.530000 276 .35
99.270000 1.760000 139 .35
94.480000 23.160000 139 .35
100.750000 20.500000 234 .35
88.240000 27.330000 114 .35
95.550000 2.630000 268 .35
93.860000 8.310000 34 .35
101.050000 23.030000 56 .35
101.160000 23.030000 148 .35
99.780000 21.470000 331 .35
99.910000 21.550000 244 .35
103.860000 -5.850000 250 .35
96.580000 25.430000 15 .35
91.000000 6.690000 290 .35
93.990000 14.290000 130 .35
102.350000 -3.000000 250 .35
100.070000 -1.570000 15 .35
92.900000 2.540000 20 .35
91.800000 9.700000 287 .35
92.390000 22.150000 161 .35
104.560000 -6.510000 254 .35
99.470000 -0.550000 256 .35
108.300000 9.990000 25 .35
100.840000 -4.520000 245 .35
95.660000 5.420000 39 .35
102.020000 -5.160000 9 .35
92.390000 3.800000 25 .35
97.500000 24.550000 258 .35
98.240000 0.110000 232 .35
99.150000 1.640000 241 .35
99.180000 1.720000 143 .35
101.140000 -1.830000 28 .35
99.790000 -1.070000 354 .35
91.810000 11.040000 318 .35
97.680000 25.040000 277 .35
101.940000 26.270000 10 .35
101.970000 26.230000 281 .35
98.090000 0.490000 242 .35
97.780000 24.870000 186 .35
90.310000 29.740000 339 .35
100.140000 -0.250000 102 .35
94.080000 8.740000 71 .35
93.980000 8.720000 66 .35
93.400000 4.570000 352 .35
82.050000 29.950000 140 .35
94.760000 6.880000 274 .35
95.900000 22.750000 269 .35
97.570000 23.970000 263 .35
96.040000 15.650000 282 .35
100.040000 0.070000 14 .35
106.150000 -6.960000 252 .35
101.910000 -5.960000 7 .35
97.650000 3.360000 33 .35
100.330000 -1.050000 37 .35
101.100000 25.630000 114 .35
101.030000 25.670000 291 .35
101.040000 25.660000 141 .35
95.500000 -8.960000 0 .35
92.820000 14.050000 166 .35
96.620000 4.600000 30 .35
99.970000 0.530000 265 .35
101.500000 -2.520000 233 .35
100.820000 25.960000 196 .35
91.900000 8.080000 34 .35
96.200000 4.690000 320 .35
92.780000 13.630000 264 .35
92.790000 13.620000 162 .35
93.790000 3.030000 12 .35
93.140000 4.630000 6 .35
101.930000 25.560000 284 .35
86.730000 28.410000 282 .35
100.070000 21.400000 144 .35
92.830000 13.670000 165 .35
99.170000 1.860000 58 .35
101.720000 -5.550000 14 .35
91.850000 7.800000 43 .35
105.170000 -6.640000 136 .35
99.180000 24.860000 252 .35
95.790000 4.780000 335 .35
91.940000 7.880000 130 .35
91.990000 7.780000 23 .35
91.820000 7.400000 35 .35
91.960000 7.700000 23 .35
92.050000 7.760000 44 .35
91.860000 7.590000 20 .35
99.790000 -0.740000 351 .35
93.260000 14.370000 281 .35
94.970000 11.600000 263 .35
90.660000 23.410000 59 .35
94.060000 7.790000 64 .35
95.740000 6.440000 301 .35
103.420000 20.860000 33 .35
90.410000 4.240000 19 .35
108.190000 9.870000 18 .35
97.970000 24.720000 334 .35
99.840000 20.690000 249 .35
99.770000 20.650000 257 .35
99.880000 20.710000 278 .35
99.080000 1.140000 6 .35
100.110000 20.740000 146 .35
95.760000 4.030000 76 .35
101.760000 -7.720000 178 .35
99.230000 1.860000 57 .35
99.110000 1.840000 59 .35
99.110000 1.850000 39 .35
100.190000 -3.410000 235 .35
98.790000 0.970000 18 .35
98.730000 24.930000 161 .35
88.140000 27.720000 126 .35
96.170000 2.450000 8 .35
103.790000 -7.160000 341 .35
97.610000 25.200000 290 .35
96.420000 4.550000 304 .35
93.210000 2.430000 13 .35
93.220000 2.440000 13 .35
93.020000 2.730000 10 .35
97.060000 4.200000 21 .35
100.160000 -0.840000 92 .35
93.060000 2.330000 290 .35
92.460000 0.800000 17 .35
89.560000 2.870000 42 .35
89.680000 1.840000 7 .35
93.440000 2.400000 29 .35
92.750000 3.750000 14 .35
91.810000 1.040000 32 .35
91.040000 1.550000 28 .35
89.940000 3.400000 7 .35
92.150000 1.040000 27 .35
92.240000 0.460000 19 .35
90.270000 2.580000 283 .35
90.900000 1.880000 58 .35
92.420000 0.800000 7 .35
92.240000 0.180000 17 .35
90.860000 1.420000 15 .35
91.750000 1.380000 32 .35
93.950000 8.870000 71 .35
91.720000 1.150000 53 .35
93.940000 9.010000 66 .35
89.790000 2.220000 13 .35
93.730000 1.910000 288 .35
92.380000 1.900000 114 .35
89.600000 1.760000 39 .35
93.330000 14.400000 262 .35
92.960000 3.310000 37 .35
92.620000 3.860000 20 .35
89.720000 2.000000 17 .35
86.710000 3.560000 41 .35
87.910000 4.810000 46 .35
92.680000 4.020000 8 .35
92.890000 26.190000 337 .35
89.420000 -3.350000 12 .35
86.750000 4.250000 9 .35
89.560000 2.710000 118 .35
92.910000 3.360000 283 .35
93.320000 14.420000 91 .35
97.900000 3.010000 345 .35
90.510000 2.630000 8 .35
94.700000 25.590000 57 .35
86.570000 3.050000 38 .35
96.530000 25.350000 130 .35
94.480000 25.420000 163 .35
96.430000 25.000000 5 .35
89.700000 1.980000 121 .35
94.300000 22.930000 84 .35
89.540000 1.760000 7 .35
92.000000 -0.220000 6 .35
92.890000 3.320000 280 .35
92.060000 -0.170000 10 .35
92.010000 -0.180000 11 .35
92.990000 4.410000 13 .35
104.010000 27.570000 144 .35
92.850000 13.640000 168 .35
90.120000 3.580000 23 .35
98.820000 -0.060000 78 .35
96.680000 25.460000 128 .35
92.780000 6.110000 19 .35
92.580000 1.470000 347 .35
95.890000 23.000000 270 .35
95.830000 22.720000 1 .35
95.870000 23.130000 268 .35
95.940000 22.900000 270 .35
95.960000 22.990000 270 .35
89.790000 2.450000 356 .35
95.890000 23.110000 270 .35
90.430000 2.420000 27 .35
101.250000 -7.890000 14 .35
95.910000 22.780000 271 .35
86.460000 -3.230000 118 .35
92.720000 0.700000 36 .35
95.910000 4.930000 307 .35
100.280000 -1.540000 232 .35
103.080000 27.240000 9 .35
101.710000 23.240000 147 .35
95.980000 23.070000 273 .35
90.350000 2.600000 3 .35
91.550000 2.710000 31 .35
92.400000 0.760000 16 .35
87.410000 6.270000 19 .35
93.510000 10.620000 67 .35
96.670000 4.640000 302 .35
96.650000 4.660000 40 .35
96.710000 4.650000 12 .35
98.990000 1.800000 55 .35
95.960000 22.980000 273 .35
95.900000 22.880000 270 .35
95.960000 22.940000 5 .35
102.870000 28.090000 174 .35
90.450000 3.230000 22 .35
95.970000 5.100000 41 .35
89.660000 1.830000 105 .35
93.640000 26.410000 336 .35
90.100000 2.470000 63 .35
90.070000 4.210000 10 .35
92.820000 5.420000 11 .35
96.250000 -0.560000 25 .35
102.000000 -5.730000 9 .35
93.080000 14.330000 193 .35
96.230000 4.240000 3 .35
105.430000 -6.960000 227 .35
95.910000 23.000000 271 .35
93.960000 23.840000 159 .35
94.310000 7.760000 55 .35
94.330000 7.740000 64 .35
94.270000 7.540000 63 .35
94.180000 7.500000 66 .35
94.300000 7.450000 58 .35
86.720000 4.190000 49 .35
104.230000 -4.670000 42 .35
91.600000 4.030000 27 .35
99.670000 19.660000 337 .35
99.600000 19.630000 159 .35
99.630000 19.700000 70 .35
99.470000 19.620000 150 .35
102.070000 25.550000 266 .35
88.030000 18.200000 232 .35
97.840000 24.970000 244 .35
102.990000 -6.590000 262 .35
97.850000 25.000000 352 .35
89.780000 2.020000 5 .35
96.510000 4.440000 28 .35
102.370000 -2.780000 84 .35
104.820000 -6.980000 236 .35
93.090000 14.360000 178 .35
96.480000 4.530000 40 .35
103.410000 27.190000 341 .35
94.570000 24.590000 51 .35
103.550000 28.120000 227 .35
103.250000 -3.990000 43 .35
93.250000 22.210000 28 .35
100.540000 -0.670000 58 .35
102.790000 28.400000 164 .35
100.470000 23.380000 239 .35
94.510000 7.610000 53 .35
94.300000 7.390000 51 .35
94.240000 7.560000 57 .35
94.410000 7.530000 60 .35
94.190000 7.490000 60 .35
89.780000 2.200000 15 .35
94.330000 7.420000 57 .35
94.180000 7.220000 49 .35
94.360000 7.580000 58 .35
94.310000 7.460000 70 .35
94.200000 7.450000 73 .35
94.360000 7.610000 50 .35
94.360000 7.480000 57 .35
94.380000 7.450000 56 .35
93.510000 23.510000 67 .35
92.800000 12.530000 162 .35
90.110000 3.470000 105 .35
100.470000 23.340000 349 .35
100.530000 23.360000 249 .35
94.270000 7.450000 58 .35
94.720000 6.950000 62 .35
94.690000 24.200000 62 .35
92.350000 13.230000 61 .35
93.920000 24.000000 80 .35
92.870000 2.930000 18 .35
98.850000 23.570000 339 .35
96.010000 4.760000 46 .35
103.140000 25.320000 93 .35
89.620000 1.950000 14 .35
89.610000 1.750000 26 .35
98.960000 1.890000 17 .35
88.060000 26.860000 64 .35
102.220000 -2.540000 19 .35
98.960000 -3.900000 268 .35
101.170000 -1.530000 64 .35
90.400000 26.640000 144 .35
95.030000 11.420000 174 .35
93.320000 5.020000 184 .35
94.550000 6.880000 57 .35
94.720000 7.040000 51 .35
94.610000 6.790000 60 .35
94.480000 6.770000 59 .35
94.770000 7.120000 44 .35
94.440000 6.680000 58 .35
94.460000 6.880000 53 .35
94.650000 6.840000 54 .35
94.530000 6.980000 60 .35
94.920000 6.490000 332 .35
94.740000 6.510000 52 .35
94.800000 6.380000 54 .35
94.530000 6.830000 43 .35
93.650000 24.810000 248 .35
92.270000 0.450000 28 .35
106.960000 -7.320000 112 .35
94.330000 -4.950000 185 .35
94.410000 -4.790000 4 .35
94.570000 -4.860000 0 .35
94.420000 -4.190000 7 .35
94.400000 -4.500000 2 .35
102.320000 -2.810000 356 .35
97.970000 0.450000 321 .35
94.370000 -4.510000 0 .35
102.570000 -7.030000 254 .35
89.470000 2.920000 297 .35
91.500000 11.350000 142 .35
92.500000 3.850000 20 .35
92.640000 3.830000 21 .35
92.540000 3.820000 22 .35
99.490000 26.050000 203 .35
100.090000 0.030000 74 .35
101.220000 -6.760000 11 .35
91.710000 10.160000 342 .35
94.380000 8.390000 75 .35
94.250000 8.360000 75 .35
94.600000 22.900000 63 .35
104.840000 -8.110000 347 .35
96.170000 5.280000 325 .35
92.020000 24.010000 334 .35
94.500000 23.320000 38 .35
98.480000 3.310000 25 .35
103.430000 27.300000 251 .35
93.480000 24.040000 345 .35
94.670000 25.190000 344 .35
103.570000 27.200000 247 .35
96.000000 17.400000 7 .35
92.300000 6.150000 20 .35
99.920000 25.870000 231 .35
99.840000 25.940000 228 .35
93.050000 14.460000 165 .35
83.160000 -7.350000 123 .35
100.150000 20.710000 145 .35
104.910000 28.160000 358 .35
95.050000 11.490000 176 .35
97.280000 4.210000 12 .35
102.750000 -5.540000 356 .35
106.260000 -8.320000 345 .35
93.620000 24.320000 69 .35
92.460000 0.590000 38 .35
106.390000 -5.930000 300 .35
102.170000 -3.110000 46 .35
108.170000 -7.490000 322 .35
94.400000 22.060000 40 .35
92.170000 7.130000 24 .35
105.960000 -7.090000 221 .35
96.190000 4.750000 51 .35
98.860000 2.070000 62 .35
98.750000 1.000000 152 .35
98.740000 1.000000 152 .35
95.940000 19.830000 87 .35
99.000000 2.000000 131 .35
87.060000 -3.100000 289 .35
94.610000 22.960000 49 .35
94.450000 7.320000 63 .35
100.770000 -0.970000 59 .35
91.770000 7.420000 29 .35
102.910000 24.300000 111 .35
93.220000 14.070000 35 .35
102.870000 24.190000 116 .35
101.580000 23.330000 36 .35
90.160000 26.370000 158 .35
102.390000 -5.280000 346 .35
94.180000 7.060000 11 .35
96.130000 4.690000 49 .35
102.220000 27.790000 93 .35
93.390000 23.970000 160 .35
98.780000 29.740000 128 .35
105.010000 28.300000 349 .35
101.770000 21.330000 234 .35
99.070000 1.700000 57 .35
96.330000 24.810000 305 .35
94.370000 7.400000 283 .35
85.730000 14.400000 220 .35
101.770000 -6.570000 10 .35
99.610000 19.190000 352 .35
101.580000 -1.320000 358 .35
90.280000 -3.280000 14 .35
101.970000 -3.120000 109 .35
94.310000 7.780000 66 .35
94.250000 7.850000 65 .35
94.360000 7.810000 57 .35
94.330000 7.650000 64 .35
94.310000 7.670000 63 .35
94.450000 7.620000 65 .35
94.320000 7.610000 72 .35
94.200000 7.460000 65 .35
94.300000 7.540000 77 .35
94.260000 7.700000 246 .35
94.210000 7.570000 338 .35
94.220000 7.570000 86 .35
94.390000 7.540000 69 .35
94.270000 7.520000 78 .35
94.340000 7.580000 41 .35
94.420000 25.450000 349 .35
94.340000 7.670000 75 .35
94.250000 7.640000 70 .35
94.200000 7.620000 69 .35
94.410000 7.420000 56 .35
94.380000 7.360000 62 .35
94.370000 7.590000 72 .35
94.370000 7.620000 56 .35
95.720000 26.230000 198 .35
92.670000 3.800000 11 .35
103.600000 28.140000 258 .35
94.310000 7.600000 72 .35
97.1918 1.1677 321.31 .35
104.930000 28.400000 27 .35
92.710000 12.120000 156 .35
96.9262 1.2363 346.48 .35
100.730000 26.260000 297 .35
93.240000 13.100000 284 .35
95.520000 22.740000 277 .35
102.270000 -6.020000 8 .35
92.710000 3.520000 91 .35
94.520000 7.210000 59 .35
94.860000 7.280000 60 .35
101.250000 19.440000 346 .35
101.360000 19.450000 340 .35
92.480000 2.400000 107 .35
94.940000 19.230000 334 .35
96.040000 23.180000 273 .35
99.110000 1.800000 55 .35
96.100000 24.420000 279 .35
99.600000 1.230000 273 .35
