98.710000 24.530000 62 .35
98.640000 24.340000 159 .35
98.700000 24.780000 158 .35
101.050000 27.600000 21 .35
100.020000 0.450000 312 .35
92.990000 21.750000 35 .35
93.350000 23.480000 318 .35
95.890000 3.510000 264 .35
94.150000 6.340000 89 .35
100.580000 20.510000 149 .35
101.150000 27.640000 19 .35
101.050000 23.040000 41 .35
95.860000 16.600000 194 .35
96.510000 14.560000 176 .35
101.140000 23.160000 34 .35
98.780000 0.540000 40 .35
105.960000 -6.310000 74 .35
103.640000 -5.960000 302 .35
94.250000 1.190000 104 .35
91.200000 6.390000 16 .35
96.320000 25.210000 176 .35
102.710000 -3.300000 230 .35
88.870000 -3.390000 280 .35
101.360000 27.810000 214 .35
102.050000 -4.290000 49 .35
97.560000 4.030000 251 .35
93.830000 10.660000 174 .35
88.750000 27.390000 211 .35
85.460000 8.070000 159 .35
96.620000 25.490000 300 .35
99.350000 21.060000 251 .35
101.350000 23.010000 320 .35
100.290000 -1.010000 345 .35
94.030000 6.940000 263 .35
93.970000 7.120000 3 .35
94.790000 5.680000 98 .35
93.950000 7.430000 261 .35
101.880000 21.920000 51 .35
103.510000 -6.290000 87 .35
90.620000 19.530000 240 .35
105.810000 23.840000 211 .35
103.000000 -6.650000 16 .35
100.780000 -6.150000 23 .35
107.760000 -7.240000 151 .35
103.380000 21.720000 20 .35
103.440000 21.770000 211 .35
94.720000 25.070000 170 .35
104.620000 -5.860000 271 .35
96.060000 26.130000 196 .35
99.150000 22.040000 259 .35
93.520000 24.220000 164 .35
104.250000 -5.810000 250 .35
99.090000 1.730000 61 .35
97.120000 26.660000 120 .35
104.180000 -5.920000 161 .35
94.640000 7.120000 145 .35
104.380000 -6.370000 124 .35
95.120000 11.430000 349 .35
102.870000 25.900000 275 .35
93.600000 8.430000 348 .35
87.190000 18.340000 240 .35
95.590000 5.740000 147 .35
105.410000 -6.050000 61 .35
97.740000 25.340000 15 .35
104.210000 -5.780000 155 .35
104.360000 -5.880000 343 .35
104.280000 -6.030000 158 .35
104.300000 -5.790000 237 .35
86.530000 28.720000 308 .35
94.180000 8.780000 166 .35
92.920000 23.820000 231 .35
91.170000 25.100000 340 .35
94.280000 23.780000 306 .35
95.270000 11.720000 175 .35
100.240000 0.080000 244 .35
96.390000 4.480000 124 .35
95.150000 6.760000 274 .35
107.380000 -7.090000 152 .35
103.290000 -4.930000 235 .35
99.020000 2.260000 326 .35
99.060000 2.020000 329 .35
94.180000 25.260000 73 .35
83.650000 29.420000 88 .35
84.410000 -0.770000 307 .35
95.350000 3.970000 12 .35
108.810000 -8.150000 152 .35
91.520000 24.650000 57 .35
103.050000 -4.430000 145 .35
102.130000 -3.420000 35 .35
103.110000 -5.880000 63 .35
99.770000 22.810000 334 .35
99.660000 23.100000 333 .35
99.830000 22.740000 244 .35
99.840000 22.750000 346 .35
92.300000 6.350000 110 .35
96.830000 26.180000 103 .35
94.150000 7.620000 236 .35
94.050000 7.590000 313 .35
97.940000 21.730000 251 .35
94.580000 25.050000 73 .35
94.650000 6.980000 58 .35
99.470000 23.510000 338 .35
89.770000 21.860000 0 .35
102.430000 20.620000 29 .35
95.680000 5.030000 332 .35
96.160000 4.900000 310 .35
95.020000 20.700000 102 .35
98.770000 20.290000 77 .35
98.850000 20.270000 262 .35
82.430000 -0.320000 299 .35
95.030000 11.590000 259 .35
95.190000 11.600000 80 .35
105.860000 -6.830000 282 .35
96.620000 25.560000 34 .35
105.220000 -6.850000 46 .35
94.350000 7.320000 151 .35
93.980000 7.470000 185 .35
92.280000 -2.200000 20 .35
93.820000 12.190000 293 .35
97.560000 3.950000 122 .35
94.020000 8.230000 347 .35
95.980000 23.480000 7 .35
102.630000 -3.490000 11 .35
93.450000 7.220000 219 .35
95.700000 15.650000 193 .35
93.610000 24.160000 161 .35
95.160000 12.620000 17 .35
96.310000 14.850000 101 .35
94.110000 8.260000 252 .35
94.580000 6.930000 233 .35
94.670000 6.890000 143 .35
94.710000 6.680000 322 .35
105.670000 -6.820000 308 .35
93.850000 23.910000 61 .35
106.120000 -5.990000 169 .35
92.860000 9.230000 47 .35
98.850000 22.340000 172 .35
98.860000 22.360000 162 .35
101.950000 -2.020000 305 .35
95.890000 23.990000 185 .35
89.960000 20.980000 252 .35
96.290000 18.880000 245 .35
102.180000 -4.090000 19 .35
93.490000 9.190000 145 .35
101.060000 23.020000 51 .35
105.390000 -7.700000 83 .35
94.420000 23.150000 271 .35
101.460000 25.420000 25 .35
104.210000 -5.770000 251 .35
104.240000 -5.050000 316 .35
96.840000 26.190000 262 .35
94.270000 7.600000 148 .35
94.000000 21.490000 216 .35
96.370000 17.870000 85 .35
106.490000 -8.920000 237 .35
93.920000 8.060000 156 .35
96.700000 25.490000 34 .35
95.720000 13.560000 193 .35
109.410000 20.490000 182 .35
109.150000 20.040000 81 .35
102.760000 -5.860000 347 .35
92.300000 27.610000 136 .35
102.850000 22.700000 281 .35
99.200000 22.000000 243 .35
99.160000 21.930000 240 .35
93.720000 8.880000 3 .35
101.410000 -2.090000 145 .35
98.660000 -6.420000 91 .35
102.270000 26.000000 15 .35
95.060000 1.850000 12 .35
94.510000 6.970000 151 .35
94.480000 7.130000 326 .35
94.220000 8.270000 261 .35
96.250000 25.170000 269 .35
94.800000 21.310000 6 .35
93.580000 -8.030000 269 .35
95.170000 5.850000 240 .35
108.720000 -9.300000 155 .35
97.940000 3.440000 54 .35
106.980000 -7.760000 63 .35
95.010000 19.330000 3 .35
93.690000 8.860000 92 .35
94.460000 22.570000 157 .35
92.250000 24.890000 257 .35
103.850000 -6.040000 341 .35
96.490000 4.360000 26 .35
94.600000 6.450000 16 .35
86.850000 -0.480000 110 .35
96.610000 25.380000 302 .35
93.620000 9.350000 128 .35
93.130000 1.640000 284 .35
95.310000 24.930000 142 .35
93.960000 10.150000 187 .35
104.790000 -6.540000 187 .35
104.910000 -6.510000 185 .35
94.360000 7.350000 59 .35
94.310000 7.320000 57 .35
99.560000 -1.680000 91 .35
94.280000 7.560000 336 .35
98.800000 -6.220000 269 .35
101.030000 27.310000 33 .35
101.940000 -4.800000 358 .35
107.130000 -7.530000 105 .35
108.720000 -8.240000 54 .35
95.850000 4.930000 214 .35
101.980000 -2.770000 318 .35
87.280000 -4.000000 122 .35
93.680000 24.910000 258 .35
94.990000 11.780000 341 .35
90.140000 3.690000 296 .35
94.450000 4.800000 266 .35
104.710000 -5.890000 74 .35
96.230000 18.390000 266 .35
93.830000 8.350000 195 .35
103.320000 -4.030000 228 .35
91.930000 26.260000 59 .35
100.320000 1.280000 100 .35
88.980000 -1.340000 15 .35
88.900000 -1.300000 185 .35
89.040000 -1.270000 22 .35
94.310000 7.140000 56 .35
101.160000 25.590000 26 .35
101.060000 25.610000 28 .35
101.290000 19.830000 243 .35
89.080000 -1.350000 17 .35
102.030000 -6.730000 259 .35
106.380000 -8.700000 54 .35
96.010000 4.740000 45 .35
102.090000 -4.720000 109 .35
102.830000 -5.520000 255 .35
102.150000 -5.030000 104 .35
102.840000 -5.650000 348 .35
102.180000 -4.910000 18 .35
102.180000 -5.190000 266 .35
96.210000 4.250000 301 .35
102.890000 -5.560000 252 .35
105.420000 -6.760000 328 .35
93.270000 4.080000 12 .35
94.750000 5.770000 275 .35
94.920000 4.170000 155 .35
102.060000 -4.430000 4 .35
95.460000 6.420000 190 .35
102.100000 -4.960000 100 .35
97.810000 24.380000 147 .35
102.450000 -5.280000 242 .35
102.680000 -6.080000 155 .35
92.910000 21.690000 217 .35
105.250000 -6.530000 62 .35
103.770000 -5.910000 195 .35
89.080000 -4.260000 83 .35
93.960000 8.730000 251 .35
94.010000 8.660000 168 .35
99.060000 24.770000 71 .35
98.940000 0.880000 19 .35
101.000000 27.690000 8 .35
102.840000 -4.330000 238 .35
97.380000 -1.370000 339 .35
101.420000 24.880000 52 .35
93.350000 12.220000 82 .35
94.770000 6.320000 322 .35
102.000000 -5.100000 110 .35
82.500000 0.890000 284 .35
100.650000 26.320000 215 .35
102.850000 -6.010000 339 .35
105.210000 -6.310000 344 .35
102.190000 -4.810000 295 .35
102.150000 -5.270000 91 .35
103.870000 -6.930000 55 .35
103.750000 -7.070000 149 .35
104.020000 -7.000000 137 .35
107.360000 -7.370000 162 .35
103.630000 -7.060000 260 .35
95.700000 13.250000 284 .35
96.210000 2.890000 60 .35
94.070000 8.840000 328 .35
95.550000 12.920000 191 .35
93.850000 7.770000 273 .35
94.200000 7.840000 237 .35
102.570000 -3.860000 293 .35
89.330000 27.260000 47 .35
92.560000 12.520000 258 .35
94.970000 12.010000 87 .35
94.980000 12.640000 0 .35
95.630000 12.560000 252 .35
100.820000 -0.540000 354 .35
101.290000 25.980000 201 .35
93.530000 12.120000 78 .35
95.610000 29.570000 66 .35
95.900000 5.320000 278 .35
97.650000 4.620000 271 .35
95.670000 19.920000 10 .35
101.250000 25.950000 18 .35
93.740000 7.240000 59 .35
93.140000 12.960000 229 .35
104.130000 -5.690000 261 .35
104.080000 -6.020000 268 .35
101.190000 -5.560000 267 .35
103.110000 -4.740000 348 .35
94.000000 8.860000 159 .35
94.020000 8.900000 334 .35
93.910000 9.040000 150 .35
105.620000 -6.800000 203 .35
93.570000 7.310000 40 .35
95.100000 11.050000 169 .35
94.810000 -8.780000 98 .35
103.870000 27.270000 336 .35
101.900000 -3.250000 201 .35
95.510000 29.770000 305 .35
106.200000 -7.440000 2 .35
93.500000 9.540000 150 .35
108.620000 -8.840000 134 .35
92.840000 13.530000 42 .35
92.910000 13.590000 308 .35
92.950000 13.710000 146 .35
93.460000 6.250000 95 .35
93.210000 6.000000 286 .35
92.100000 8.020000 294 .35
93.820000 9.300000 153 .35
92.360000 8.970000 116 .35
91.790000 7.060000 13 .35
92.160000 6.390000 21 .35
94.140000 7.660000 322 .35
96.160000 5.110000 320 .35
95.260000 4.690000 2 .35
93.800000 9.940000 332 .35
92.260000 8.300000 153 .35
93.160000 10.060000 86 .35
94.610000 3.710000 332 .35
92.850000 13.850000 233 .35
93.130000 13.740000 26 .35
92.070000 7.860000 288 .35
93.890000 9.440000 323 .35
92.300000 5.100000 288 .35
94.460000 7.340000 66 .35
92.630000 9.030000 114 .35
96.680000 4.600000 291 .35
94.440000 4.010000 263 .35
91.910000 6.940000 16 .35
91.960000 6.970000 288 .35
93.610000 10.800000 151 .35
93.120000 14.100000 47 .35
92.880000 3.540000 278 .35
93.760000 9.640000 25 .35
92.260000 11.870000 347 .35
92.210000 11.850000 150 .35
95.980000 2.710000 12 .35
93.990000 8.110000 352 .35
92.700000 3.550000 281 .35
94.860000 4.910000 107 .35
92.860000 13.560000 274 .35
93.010000 13.640000 145 .35
94.340000 2.710000 268 .35
96.130000 4.700000 320 .35
92.480000 7.330000 291 .35
96.280000 3.240000 52 .35
94.040000 8.250000 339 .35
94.060000 8.020000 337 .35
93.990000 7.940000 332 .35
94.250000 7.870000 323 .35
94.000000 7.830000 332 .35
92.840000 13.280000 143 .35
94.090000 7.960000 328 .35
94.060000 7.940000 344 .35
93.950000 7.830000 154 .35
94.140000 7.900000 80 .35
94.160000 7.910000 320 .35
94.140000 7.970000 341 .35
94.030000 7.910000 348 .35
94.110000 7.950000 139 .35
94.270000 7.950000 323 .35
94.090000 7.930000 349 .35
94.010000 7.850000 145 .35
93.820000 8.060000 346 .35
94.130000 7.960000 332 .35
93.860000 7.530000 313 .35
94.170000 7.940000 174 .35
94.180000 7.980000 263 .35
94.000000 8.020000 256 .35
94.350000 7.910000 184 .35
94.100000 7.990000 330 .35
94.220000 7.830000 325 .35
94.120000 7.790000 151 .35
94.120000 7.870000 155 .35
94.270000 7.940000 346 .35
94.150000 7.990000 332 .35
94.120000 7.980000 337 .35
94.240000 7.690000 272 .35
94.210000 7.960000 271 .35
94.120000 7.710000 326 .35
94.200000 8.080000 171 .35
93.900000 7.990000 350 .35
94.160000 7.990000 81 .35
94.090000 7.880000 328 .35
94.210000 7.600000 157 .35
94.110000 7.860000 323 .35
94.060000 7.970000 332 .35
94.160000 8.180000 3 .35
93.470000 9.700000 57 .35
94.180000 7.800000 302 .35
94.030000 8.120000 324 .35
94.120000 8.090000 324 .35
94.110000 7.790000 153 .35
94.100000 7.890000 332 .35
94.020000 7.720000 313 .35
94.180000 7.910000 168 .35
93.560000 7.810000 319 .35
94.020000 7.820000 321 .35
93.900000 7.900000 44 .35
93.990000 7.900000 319 .35
94.030000 7.910000 327 .35
94.130000 7.970000 317 .35
94.000000 7.860000 321 .35
94.050000 8.060000 339 .35
94.060000 7.900000 321 .35
94.110000 7.990000 317 .35
93.960000 7.740000 156 .35
94.100000 7.800000 338 .35
94.160000 7.930000 320 .35
94.240000 7.840000 324 .35
94.480000 8.360000 329 .35
94.280000 7.810000 310 .35
94.390000 7.910000 333 .35
94.110000 8.020000 321 .35
94.330000 8.290000 354 .35
94.270000 8.170000 166 .35
94.130000 7.680000 169 .35
93.150000 13.780000 48 .35
92.930000 13.150000 278 .35
94.230000 8.080000 271 .35
94.280000 8.220000 276 .35
96.760000 4.050000 300 .35
94.260000 7.980000 172 .35
94.260000 8.170000 271 .35
94.070000 7.930000 319 .35
94.310000 8.320000 89 .35
90.380000 6.430000 11 .35
93.250000 5.620000 195 .35
94.320000 7.880000 335 .35
94.180000 8.110000 2 .35
93.030000 5.510000 14 .35
93.630000 14.850000 36 .35
92.190000 1.820000 284 .35
92.520000 24.550000 322 .35
94.540000 24.430000 81 .35
93.970000 8.110000 352 .35
95.290000 2.330000 232 .35
94.100000 7.830000 328 .35
95.070000 2.290000 340 .35
94.280000 7.410000 317 .35
91.630000 9.730000 57 .35
95.290000 26.080000 135 .35
94.840000 25.480000 153 .35
87.930000 28.260000 110 .35
99.210000 1.780000 328 .35
98.140000 0.200000 319 .35
97.160000 1.110000 73 .35
98.110000 0.320000 44 .35
97.460000 0.810000 153 .35
93.100000 2.430000 273 .35
95.890000 2.800000 68 .35
97.010000 1.890000 163 .35
96.300000 2.410000 352 .35
97.420000 0.610000 149 .35
97.380000 0.680000 146 .35
97.730000 -0.220000 345 .35
96.850000 2.100000 61 .35
99.940000 -1.770000 330 .35
99.910000 -1.820000 325 .35
97.040000 0.320000 286 .35
96.380000 3.050000 155 .35
91.690000 9.290000 56 .35
94.870000 4.710000 265 .35
93.270000 5.590000 193 .35
97.300000 1.080000 65 .35
93.210000 5.690000 284 .35
103.170000 -4.730000 71 .35
94.750000 3.190000 335 .35
96.600000 2.120000 252 .35
97.640000 0.080000 8 .35
92.130000 7.700000 109 .35
93.180000 3.670000 279 .35
97.240000 1.260000 260 .35
106.240000 -6.870000 344 .35
91.960000 7.740000 290 .35
97.270000 1.170000 342 .35
103.290000 -6.220000 85 .35
105.870000 -6.700000 219 .35
96.270000 4.340000 167 .35
93.140000 5.170000 286 .35
92.190000 7.920000 30 .35
92.010000 7.790000 20 .35
93.000000 8.020000 306 .35
97.020000 1.900000 357 .35
95.620000 2.730000 165 .35
92.330000 8.380000 28 .35
103.040000 26.570000 71 .35
94.130000 7.740000 149 .35
97.600000 0.030000 355 .35
97.610000 0.050000 12 .35
97.560000 -0.010000 263 .35
97.700000 0.080000 275 .35
97.870000 0.070000 66 .35
95.580000 5.230000 314 .35
92.060000 7.900000 297 .35
105.460000 -6.880000 74 .35
103.060000 -5.830000 139 .35
98.190000 0.790000 108 .35
94.300000 4.030000 276 .35
81.860000 29.730000 10 .35
108.390000 9.960000 293 .35
108.290000 9.970000 297 .35
97.460000 0.790000 263 .35
95.270000 3.400000 2 .35
88.130000 -2.010000 125 .35
96.200000 25.010000 105 .35
97.110000 1.330000 74 .35
95.930000 2.610000 63 .35
91.710000 26.910000 139 .35
94.530000 24.270000 69 .35
93.850000 23.180000 321 .35
97.220000 3.460000 319 .35
93.240000 2.650000 289 .35
96.500000 2.150000 8 .35
95.990000 4.550000 344 .35
97.100000 3.170000 226 .35
97.050000 0.090000 268 .35
99.580000 1.740000 219 .35
91.800000 10.440000 61 .35
91.930000 20.630000 63 .35
93.600000 8.810000 299 .35
107.240000 -9.540000 64 .35
104.140000 28.000000 152 .35
101.600000 -4.880000 85 .35
96.190000 4.840000 317 .35
95.580000 19.260000 184 .35
92.710000 24.660000 66 .35
98.010000 -9.490000 271 .35
93.350000 22.100000 36 .35
96.230000 4.860000 320 .35
99.860000 0.630000 162 .35
105.640000 -6.780000 353 .35
98.200000 22.020000 92 .35
95.290000 19.190000 342 .35
89.690000 1.980000 111 .35
109.670000 -9.990000 52 .35
93.600000 8.360000 143 .35
94.400000 6.180000 1 .35
93.060000 10.290000 153 .35
100.500000 -0.490000 330 .35
100.550000 -0.480000 149 .35
100.910000 -0.400000 149 .35
86.780000 -3.390000 203 .35
91.520000 9.200000 18 .35
89.420000 -1.320000 101 .35
96.150000 15.530000 182 .35
99.270000 1.760000 233 .35
94.480000 23.160000 44 .35
100.750000 20.500000 324 .35
88.240000 27.330000 206 .35
95.550000 2.630000 5 .35
93.860000 8.310000 125 .35
101.050000 23.030000 157 .35
101.160000 23.030000 57 .35
99.780000 21.470000 240 .35
99.910000 21.550000 147 .35
103.860000 -5.850000 159 .35
96.580000 25.430000 106 .35
91.000000 6.690000 21 .35
93.990000 14.290000 34 .35
102.350000 -3.000000 144 .35
100.070000 -1.570000 283 .35
92.900000 2.540000 285 .35
91.800000 9.700000 19 .35
92.390000 22.150000 253 .35
104.560000 -6.510000 347 .35
99.470000 -0.550000 350 .35
108.300000 9.990000 292 .35
100.840000 -4.520000 155 .35
95.660000 5.420000 137 .35
102.020000 -5.160000 275 .35
92.390000 3.800000 115 .35
97.500000 24.550000 349 .35
98.240000 0.110000 327 .35
99.150000 1.640000 332 .35
99.180000 1.720000 236 .35
101.140000 -1.830000 122 .35
99.790000 -1.070000 261 .35
91.810000 11.040000 50 .35
97.680000 25.040000 7 .35
101.940000 26.270000 100 .35
101.970000 26.230000 12 .35
98.090000 0.490000 151 .35
97.780000 24.870000 96 .35
90.310000 29.740000 81 .35
100.140000 -0.250000 7 .35
94.080000 8.740000 330 .35
93.980000 8.720000 330 .35
93.400000 4.570000 256 .35
82.050000 29.950000 238 .35
94.760000 6.880000 175 .35
95.900000 22.750000 0 .35
97.570000 23.970000 354 .35
96.040000 15.650000 13 .35
100.040000 0.070000 109 .35
106.150000 -6.960000 351 .35
101.910000 -5.960000 276 .35
97.650000 3.360000 301 .35
100.330000 -1.050000 306 .35
101.100000 25.630000 204 .35
101.030000 25.670000 201 .35
101.040000 25.660000 39 .35
95.500000 -8.960000 269 .35
92.820000 14.050000 258 .35
96.620000 4.600000 297 .35
99.970000 0.530000 174 .35
101.500000 -2.520000 142 .35
100.820000 25.960000 286 .35
91.900000 8.080000 126 .35
96.200000 4.690000 51 .35
92.780000 13.630000 168 .35
92.790000 13.620000 257 .35
93.790000 3.030000 275 .35
93.140000 4.630000 265 .35
101.930000 25.560000 16 .35
86.730000 28.410000 18 .35
100.070000 21.400000 242 .35
92.830000 13.670000 265 .35
99.170000 1.860000 149 .35
101.720000 -5.550000 105 .35
91.850000 7.800000 308 .35
105.170000 -6.640000 229 .35
99.180000 24.860000 148 .35
95.790000 4.780000 77 .35
91.940000 7.880000 25 .35
91.990000 7.780000 290 .35
91.820000 7.400000 304 .35
91.960000 7.700000 293 .35
92.050000 7.760000 138 .35
91.860000 7.590000 289 .35
99.790000 -0.740000 97 .35
93.260000 14.370000 189 .35
94.970000 11.600000 173 .35
90.660000 23.410000 151 .35
94.060000 7.790000 334 .35
95.740000 6.440000 198 .35
103.420000 20.860000 123 .35
90.410000 4.240000 287 .35
108.190000 9.870000 286 .35
97.970000 24.720000 243 .35
99.840000 20.690000 340 .35
99.770000 20.650000 350 .35
99.880000 20.710000 14 .35
99.080000 1.140000 108 .35
100.110000 20.740000 56 .35
95.760000 4.030000 167 .35
101.760000 -7.720000 268 .35
99.230000 1.860000 149 .35
99.110000 1.840000 327 .35
99.110000 1.850000 306 .35
100.190000 -3.410000 143 .35
98.790000 0.970000 111 .35
98.730000 24.930000 71 .35
88.140000 27.720000 220 .35
96.170000 2.450000 278 .35
103.790000 -7.160000 243 .35
97.610000 25.200000 199 .35
96.420000 4.550000 40 .35
93.210000 2.430000 282 .35
93.220000 2.440000 282 .35
93.020000 2.730000 276 .35
97.060000 4.200000 287 .35
100.160000 -0.840000 350 .35
93.060000 2.330000 199 .35
92.460000 0.800000 287 .35
89.560000 2.870000 144 .35
89.680000 1.840000 99 .35
93.440000 2.400000 121 .35
92.750000 3.750000 280 .35
91.810000 1.040000 130 .35
91.040000 1.550000 120 .35
89.940000 3.400000 273 .35
92.150000 1.040000 121 .35
92.240000 0.460000 286 .35
90.270000 2.580000 18 .35
90.900000 1.880000 322 .35
92.420000 0.800000 275 .35
92.240000 0.180000 108 .35
90.860000 1.420000 110 .35
91.750000 1.380000 123 .35
93.950000 8.870000 336 .35
91.720000 1.150000 320 .35
93.940000 9.010000 329 .35
89.790000 2.220000 111 .35
93.730000 1.910000 23 .35
92.380000 1.900000 207 .35
89.600000 1.760000 306 .35
93.330000 14.400000 170 .35
92.960000 3.310000 304 .35
92.620000 3.860000 288 .35
89.720000 2.000000 111 .35
86.710000 3.560000 133 .35
87.910000 4.810000 138 .35
92.680000 4.020000 273 .35
92.890000 26.190000 246 .35
89.420000 -3.350000 104 .35
86.750000 4.250000 107 .35
89.560000 2.710000 20 .35
92.910000 3.360000 193 .35
93.320000 14.420000 0 .35
97.900000 3.010000 84 .35
90.510000 2.630000 100 .35
94.700000 25.590000 148 .35
86.570000 3.050000 134 .35
96.530000 25.350000 39 .35
94.480000 25.420000 69 .35
96.430000 25.000000 97 .35
89.700000 1.980000 22 .35
94.300000 22.930000 352 .35
89.540000 1.760000 103 .35
92.000000 -0.220000 100 .35
92.890000 3.320000 12 .35
92.060000 -0.170000 277 .35
92.010000 -0.180000 281 .35
92.990000 4.410000 280 .35
104.010000 27.570000 248 .35
92.850000 13.640000 264 .35
90.120000 3.580000 293 .35
98.820000 -0.060000 346 .35
96.680000 25.460000 32 .35
92.780000 6.110000 111 .35
92.580000 1.470000 79 .35
95.890000 23.000000 1 .35
95.830000 22.720000 268 .35
95.870000 23.130000 3 .35
95.940000 22.900000 3 .35
95.960000 22.990000 2 .35
89.790000 2.450000 88 .35
95.890000 23.110000 178 .35
90.430000 2.420000 297 .35
101.250000 -7.890000 283 .35
95.910000 22.780000 5 .35
86.460000 -3.230000 210 .35
92.720000 0.700000 301 .35
95.910000 4.930000 42 .35
100.280000 -1.540000 140 .35
103.080000 27.240000 99 .35
101.710000 23.240000 41 .35
95.980000 23.070000 183 .35
90.350000 2.600000 107 .35
91.550000 2.710000 123 .35
92.400000 0.760000 283 .35
87.410000 6.270000 113 .35
93.510000 10.620000 176 .35
96.670000 4.640000 39 .35
96.650000 4.660000 303 .35
96.710000 4.650000 281 .35
98.990000 1.800000 325 .35
95.960000 22.980000 3 .35
95.900000 22.880000 1 .35
95.960000 22.940000 271 .35
102.870000 28.090000 266 .35
90.450000 3.230000 114 .35
95.970000 5.100000 306 .35
89.660000 1.830000 10 .35
93.640000 26.410000 234 .35
90.100000 2.470000 330 .35
90.070000 4.210000 279 .35
92.820000 5.420000 269 .35
96.250000 -0.560000 294 .35
102.000000 -5.730000 102 .35
93.080000 14.330000 284 .35
96.230000 4.240000 100 .35
105.430000 -6.960000 137 .35
95.910000 23.000000 179 .35
93.960000 23.840000 249 .35
94.310000 7.760000 315 .35
94.330000 7.740000 331 .35
94.270000 7.540000 323 .35
94.180000 7.500000 334 .35
94.300000 7.450000 323 .35
86.720000 4.190000 142 .35
104.230000 -4.670000 309 .35
91.600000 4.030000 118 .35
99.670000 19.660000 247 .35
99.600000 19.630000 68 .35
99.630000 19.700000 160 .35
99.470000 19.620000 250 .35
102.070000 25.550000 1 .35
88.030000 18.200000 322 .35
97.840000 24.970000 334 .35
102.990000 -6.590000 171 .35
97.850000 25.000000 261 .35
89.780000 2.020000 96 .35
96.510000 4.440000 119 .35
102.370000 -2.780000 334 .35
104.820000 -6.980000 144 .35
93.090000 14.360000 275 .35
96.480000 4.530000 307 .35
103.410000 27.190000 250 .35
94.570000 24.590000 153 .35
103.550000 28.120000 136 .35
103.250000 -3.990000 311 .35
93.250000 22.210000 297 .35
100.540000 -0.670000 327 .35
102.790000 28.400000 259 .35
100.470000 23.380000 330 .35
94.510000 7.610000 313 .35
94.300000 7.390000 142 .35
94.240000 7.560000 321 .35
94.410000 7.530000 324 .35
94.190000 7.490000 323 .35
89.780000 2.200000 112 .35
94.330000 7.420000 319 .35
94.180000 7.220000 317 .35
94.360000 7.580000 327 .35
94.310000 7.460000 335 .35
94.200000 7.450000 343 .35
94.360000 7.610000 313 .35
94.360000 7.480000 323 .35
94.380000 7.450000 320 .35
93.510000 23.510000 319 .35
92.800000 12.530000 69 .35
90.110000 3.470000 12 .35
100.470000 23.340000 256 .35
100.530000 23.360000 341 .35
94.270000 7.450000 325 .35
94.720000 6.950000 324 .35
94.690000 24.200000 162 .35
92.350000 13.230000 154 .35
93.920000 24.000000 348 .35
92.870000 2.930000 284 .35
98.850000 23.570000 246 .35
96.010000 4.760000 311 .35
103.140000 25.320000 186 .35
89.620000 1.950000 106 .35
89.610000 1.750000 125 .35
98.960000 1.890000 122 .35
88.060000 26.860000 322 .35
102.220000 -2.540000 118 .35
98.960000 -3.900000 2 .35
101.170000 -1.530000 327 .35
90.400000 26.640000 52 .35
95.030000 11.420000 271 .35
93.320000 5.020000 289 .35
94.550000 6.880000 323 .35
94.720000 7.040000 316 .35
94.610000 6.790000 326 .35
94.480000 6.770000 325 .35
94.770000 7.120000 307 .35
94.440000 6.680000 324 .35
94.460000 6.880000 321 .35
94.650000 6.840000 323 .35
94.530000 6.980000 326 .35
94.920000 6.490000 69 .35
94.740000 6.510000 322 .35
94.800000 6.380000 319 .35
94.530000 6.830000 311 .35
93.650000 24.810000 348 .35
92.270000 0.450000 121 .35
106.960000 -7.320000 21 .35
94.330000 -4.950000 275 .35
94.410000 -4.790000 97 .35
94.570000 -4.860000 92 .35
94.420000 -4.190000 276 .35
94.400000 -4.500000 95 .35
102.320000 -2.810000 86 .35
97.970000 0.450000 52 .35
94.370000 -4.510000 269 .35
102.570000 -7.030000 2 .35
89.470000 2.920000 30 .35
91.500000 11.350000 232 .35
92.500000 3.850000 111 .35
92.640000 3.830000 287 .35
92.540000 3.820000 289 .35
99.490000 26.050000 293 .35
100.090000 0.030000 344 .35
101.220000 -6.760000 266 .35
91.710000 10.160000 249 .35
94.380000 8.390000 343 .35
94.250000 8.360000 343 .35
94.600000 22.900000 167 .35
104.840000 -8.110000 257 .35
96.170000 5.280000 59 .35
92.020000 24.010000 64 .35
94.500000 23.320000 307 .35
98.480000 3.310000 278 .35
103.430000 27.300000 160 .35
93.480000 24.040000 243 .35
94.670000 25.190000 253 .35
103.570000 27.200000 339 .35
96.000000 17.400000 277 .35
92.300000 6.150000 110 .35
99.920000 25.870000 321 .35
99.840000 25.940000 318 .35
93.050000 14.460000 70 .35
83.160000 -7.350000 214 .35
100.150000 20.710000 55 .35
104.910000 28.160000 88 .35
95.050000 11.490000 266 .35
97.280000 4.210000 282 .35
102.750000 -5.540000 98 .35
106.260000 -8.320000 86 .35
93.620000 24.320000 162 .35
92.460000 0.590000 134 .35
106.390000 -5.930000 31 .35
102.170000 -3.110000 306 .35
108.170000 -7.490000 62 .35
94.400000 22.060000 142 .35
92.170000 7.130000 115 .35
105.960000 -7.090000 317 .35
96.190000 4.750000 319 .35
98.860000 2.070000 327 .35
98.750000 1.000000 247 .35
98.740000 1.000000 61 .35
95.940000 19.830000 179 .35
99.000000 2.000000 35 .35
87.060000 -3.100000 198 .35
94.610000 22.960000 152 .35
94.450000 7.320000 332 .35
100.770000 -0.970000 328 .35
91.770000 7.420000 299 .35
102.910000 24.300000 20 .35
93.220000 14.070000 302 .35
102.870000 24.190000 23 .35
101.580000 23.330000 306 .35
90.160000 26.370000 67 .35
102.390000 -5.280000 81 .35
94.180000 7.060000 117 .35
96.130000 4.690000 317 .35
102.220000 27.790000 2 .35
93.390000 23.970000 70 .35
98.780000 29.740000 218 .35
105.010000 28.300000 258 .35
101.770000 21.330000 324 .35
99.070000 1.700000 326 .35
96.330000 24.810000 209 .35
94.370000 7.400000 186 .35
85.730000 14.400000 328 .35
101.770000 -6.570000 278 .35
99.610000 19.190000 259 .35
101.580000 -1.320000 89 .35
90.280000 -3.280000 105 .35
101.970000 -3.120000 7 .35
94.310000 7.780000 335 .35
94.250000 7.850000 329 .35
94.360000 7.810000 147 .35
94.330000 7.650000 332 .35
94.310000 7.670000 331 .35
94.450000 7.620000 334 .35
94.320000 7.610000 339 .35
94.200000 7.460000 155 .35
94.300000 7.540000 342 .35
94.260000 7.700000 150 .35
94.210000 7.570000 70 .35
94.220000 7.570000 356 .35
94.390000 7.540000 337 .35
94.270000 7.520000 345 .35
94.340000 7.580000 309 .35
94.420000 25.450000 258 .35
94.340000 7.670000 330 .35
94.250000 7.640000 327 .35
94.200000 7.620000 330 .35
94.410000 7.420000 325 .35
94.380000 7.360000 330 .35
94.370000 7.590000 338 .35
94.370000 7.620000 326 .35
95.720000 26.230000 95 .35
92.670000 3.800000 279 .35
103.600000 28.140000 350 .35
94.310000 7.600000 337 .35
97.1918 1.1677 217.65 .35
104.930000 28.400000 117 .35
92.710000 12.120000 253 .35
96.9262 1.2363 77.77 .35
100.730000 26.260000 29 .35
93.240000 13.100000 193 .35
95.520000 22.740000 9 .35
102.270000 -6.020000 274 .35
92.710000 3.520000 359 .35
94.520000 7.210000 326 .35
94.860000 7.280000 327 .35
101.250000 19.440000 255 .35
101.360000 19.450000 73 .35
92.480000 2.400000 204 .35
94.940000 19.230000 78 .35
96.040000 23.180000 5 .35
99.110000 1.800000 146 .35
96.100000 24.420000 12 .35
99.600000 1.230000 3 .35
