109.010000 -7.890000 3 26
95.770000 4.240000 28 32
100.830000 -2.270000 106 26
95.450000 4.220000 53 22
97.290000 -0.930000 62 1
100.550000 -6.280000 33 5
87.480000 26.740000 84 11
94.820000 18.110000 70 31
107.660000 -7.130000 36 33
97.980000 25.150000 97 10
94.030000 7.560000 296 23
100.370000 26.570000 256 19
99.850000 26.360000 73 24
96.130000 2.940000 244 7
101.670000 -6.680000 49 17
94.940000 5.450000 47 19
94.340000 22.050000 95 31
93.170000 7.920000 77 11
95.080000 4.720000 49 17
94.430000 22.040000 76 42
95.480000 12.790000 150 20
95.020000 11.880000 133 14
97.180000 3.550000 30 24
94.680000 11.360000 163 16
94.640000 11.090000 329 4
94.680000 11.240000 167 18
94.570000 11.000000 167 17
94.600000 10.940000 159 18
94.800000 10.830000 159 30
94.590000 10.840000 161 25
94.620000 10.820000 164 29
94.570000 10.900000 151 26
94.740000 10.910000 344 2
94.800000 10.830000 156 18
94.690000 10.990000 164 28
106.930000 -4.350000 57 3
98.490000 1.380000 6 22
100.170000 26.170000 250 21
94.620000 7.830000 204 23
96.350000 15.150000 143 29
99.940000 -0.690000 59 17
100.910000 29.360000 357 23
94.840000 4.150000 44 16
90.270000 29.770000 111 0
95.090000 18.380000 52 33
94.250000 22.050000 54 27
97.240000 29.930000 170 11
94.400000 20.300000 54 21
95.240000 4.780000 10 24
90.030000 29.120000 260 5
99.240000 29.980000 171 16
108.420000 -6.650000 300 11
93.720000 21.150000 79 9
93.800000 21.220000 83 19
103.790000 -5.940000 23 16
93.580000 12.220000 166 3
95.960000 3.740000 359 36
94.590000 20.910000 65 33
93.670000 21.060000 90 13
90.170000 29.590000 283 3
94.360000 20.350000 63 23
97.660000 3.060000 31 27
95.090000 12.140000 129 0
87.280000 29.010000 93 3
87.350000 29.030000 83 30
94.970000 11.960000 138 9
99.640000 28.000000 25 17
97.220000 25.200000 12 20
97.610000 -1.110000 56 2
94.150000 20.540000 73 33
97.500000 -1.010000 172 11
94.340000 10.570000 339 28
94.390000 10.520000 142 0
99.540000 19.450000 309 21
102.250000 -4.660000 31 32
93.780000 10.210000 246 11
97.870000 1.300000 33 34
108.920000 -5.220000 201 1
95.390000 3.720000 36 7
99.060000 2.640000 49 32
100.340000 27.300000 254 11
100.380000 27.050000 265 12
100.420000 27.250000 75 0
92.200000 28.330000 303 24
88.190000 29.920000 80 18
100.370000 27.220000 236 5
105.570000 -6.200000 58 13
108.400000 -5.030000 50 2
97.950000 1.660000 353 11
97.330000 2.880000 45 32
100.390000 27.000000 78 26
85.380000 29.080000 277 15
101.010000 -6.200000 46 4
99.620000 -1.950000 51 44
88.120000 29.950000 65 14
101.020000 27.270000 242 29
94.680000 23.740000 75 44
95.280000 4.030000 43 17
93.720000 23.310000 326 11
109.150000 -9.910000 41 21
101.530000 -2.890000 138 32
105.560000 -6.840000 45 36
105.650000 -6.750000 265 3
102.890000 -5.610000 265 10
102.680000 -5.550000 28 34
102.600000 -5.020000 35 45
102.700000 -5.410000 137 3
106.850000 -6.680000 300 17
103.300000 -5.890000 231 39
103.280000 -5.890000 241 33
101.130000 29.510000 350 12
93.690000 23.900000 85 15
102.700000 -5.210000 293 16
103.340000 -5.280000 102 20
92.380000 18.900000 356 12
94.360000 5.360000 266 9
101.920000 -5.110000 95 13
102.040000 -4.330000 327 32
101.210000 -2.880000 98 16
86.75 27.73 88.7 15.4
86.52 28.52 79.2 9.3
89 26.26 102.5 6.7
87.75 27.81 267.6 17.3
93.530000 21.180000 246 8
93.760000 17.210000 194 1
94.510000 19.380000 69 30
97.720000 4.110000 16 36
95.610000 12.950000 97 34
98.910000 1.140000 92 26
102.180000 -5.440000 46 41
101.010000 29.480000 353 24
102.460000 -5.080000 20 30
102.040000 -3.610000 350 42
103.970000 27.370000 214 30
106.200000 -7.560000 270 32
104.000000 -7.880000 210 1
102.960000 -4.760000 44 7
100.490000 -1.560000 105 1
93.920000 8.840000 117 21
102.040000 -5.790000 227 0
103.980000 -2.430000 44 6
95.020000 12.400000 6 36
95.000000 12.450000 327 12
94.950000 12.390000 135 3
94.970000 12.390000 330 11
95.000000 12.440000 323 7
94.940000 12.270000 130 13
102.620000 -5.470000 45 13
95.000000 12.430000 322 9
95.880000 15.810000 323 24
92.740000 13.460000 290 7
94.500000 3.860000 187 9
94.220000 4.090000 215 7
93.810000 4.470000 34 15
92.390000 8.470000 62 7
93.660000 9.090000 105 3
92.390000 12.980000 297 10
94.110000 7.850000 86 27
95.540000 3.030000 42 40
93.040000 13.680000 85 42
92.300000 8.070000 92 23
92.680000 12.810000 149 5
93.870000 8.550000 79 25
92.470000 12.350000 81 28
93.590000 10.590000 59 10
94.260000 4.820000 37 11
93.160000 5.600000 74 16
93.810000 3.320000 186 35
92.500000 11.590000 282 26
92.150000 7.810000 68 2
93.690000 8.550000 78 21
93.680000 8.950000 83 15
92.990000 9.780000 169 1
91.890000 7.990000 67 21
93.710000 9.450000 98 9
93.950000 4.180000 49 2
93.700000 9.490000 99 8
93.770000 8.950000 87 14
94.400000 3.610000 49 21
92.120000 11.080000 276 6
93.760000 9.110000 99 11
93.090000 8.820000 262 43
93.600000 9.610000 99 18
92.690000 13.240000 83 42
93.760000 7.670000 339 3
93.690000 10.330000 340 7
94.620000 5.230000 35 28
93.790000 7.670000 348 1
94.220000 4.230000 35 16
94.260000 4.220000 83 3
92.530000 9.030000 256 9
92.340000 9.010000 67 23
92.910000 6.760000 54 24
91.990000 11.080000 316 13
93.950000 7.640000 297 6
94.030000 7.660000 109 8
92.600000 7.020000 82 12
93.920000 7.290000 149 16
92.460000 7.030000 80 3
91.780000 10.840000 287 9
93.100000 4.510000 55 6
93.300000 7.410000 228 0
94.780000 4.050000 173 1
93.670000 8.860000 127 26
93.780000 4.580000 33 13
92.560000 13.000000 318 1
93.250000 5.600000 247 7
91.790000 10.910000 92 23
93.330000 5.690000 234 10
93.560000 8.770000 108 1
94.280000 3.320000 26 3
93.840000 8.170000 307 5
92.440000 14.630000 308 20
92.390000 14.570000 315 26
92.590000 14.570000 307 18
93.200000 14.480000 150 4
92.190000 13.210000 124 9
93.350000 6.440000 264 15
93.290000 5.660000 237 6
92.940000 14.550000 313 25
94.010000 7.840000 111 22
94.180000 7.820000 100 21
94.050000 7.930000 114 21
93.980000 7.850000 311 3
94.050000 7.780000 125 29
94.020000 7.810000 108 17
93.970000 7.730000 127 16
93.980000 7.840000 107 22
94.120000 7.970000 121 13
94.110000 7.900000 123 8
94.080000 8.010000 115 13
94.050000 8.130000 133 13
93.960000 8.150000 120 19
94.050000 7.930000 137 24
93.920000 7.850000 121 18
94.110000 8.040000 122 5
94.100000 7.980000 117 16
94.140000 8.060000 108 8
94.170000 7.960000 128 6
94.120000 7.920000 123 18
94.120000 8.010000 117 9
93.950000 7.830000 117 15
94.040000 7.960000 123 1
94.070000 8.010000 121 9
93.960000 7.860000 102 20
94.060000 8.100000 277 17
94.100000 8.000000 122 5
94.130000 7.910000 113 15
94.020000 7.730000 109 18
94.100000 7.960000 119 7
92.530000 7.310000 61 21
94.270000 8.110000 117 10
94.110000 8.010000 113 13
94.210000 8.070000 119 4
94.150000 8.060000 117 2
94.080000 7.730000 107 30
93.960000 8.320000 126 17
94.270000 8.060000 125 5
94.230000 8.140000 309 2
94.110000 8.020000 306 11
94.020000 8.010000 135 5
94.060000 8.120000 116 2
94.200000 8.130000 152 4
94.060000 8.070000 117 4
93.960000 9.990000 310 8
94.140000 8.110000 315 7
93.990000 9.990000 321 10
94.100000 9.960000 317 1
94.260000 8.170000 123 12
93.960000 9.960000 320 13
95.560000 26.120000 148 31
94.050000 8.060000 122 8
94.060000 8.070000 121 1
94.290000 8.100000 125 8
93.610000 10.220000 102 9
93.770000 8.630000 262 3
95.730000 3.120000 188 16
93.540000 3.200000 61 13
92.480000 13.060000 120 17
97.100000 0.190000 52 3
96.070000 2.550000 47 18
97.910000 0.920000 350 16
96.180000 2.520000 73 15
96.390000 2.870000 314 8
96.390000 2.820000 118 11
97.160000 0.180000 252 20
96.890000 -0.410000 0 8
96.920000 -0.420000 10 11
96.400000 2.890000 133 9
93.660000 9.780000 129 17
94.820000 4.770000 338 1
97.170000 0.140000 235 12
96.440000 0.450000 245 7
97.660000 0.310000 68 37
93.630000 10.180000 96 17
97.280000 0.360000 34 17
97.310000 0.310000 25 14
97.290000 0.400000 50 25
93.980000 7.810000 106 12
93.710000 8.690000 112 1
97.870000 0.800000 262 13
93.270000 5.740000 239 6
97.260000 0.400000 35 26
96.250000 0.700000 59 12
94.860000 12.320000 337 4
93.930000 7.650000 106 16
93.580000 10.250000 108 13
94.190000 7.430000 112 16
97.140000 2.430000 36 44
91.930000 8.120000 82 20
91.640000 8.370000 288 7
93.560000 2.860000 63 15
91.960000 8.020000 122 26
97.300000 0.320000 225 6
95.220000 4.390000 306 14
95.790000 5.360000 258 7
98.920000 2.450000 100 14
92.200000 7.690000 87 7
91.910000 8.070000 84 19
91.910000 8.040000 80 20
93.970000 7.650000 103 25
95.400000 4.510000 37 12
105.500000 -5.840000 254 5
98.010000 0.240000 157 33
93.750000 7.630000 107 16
92.530000 17.560000 300 1
95.200000 12.230000 318 6
104.150000 -5.050000 103 3
91.830000 10.900000 277 10
95.980000 2.380000 71 9
107.100000 -9.750000 1 1
96.250000 4.000000 306 10
94.400000 10.750000 343 12
93.900000 10.700000 291 40
94.280000 10.740000 340 10
94.450000 10.790000 337 13
94.510000 10.800000 344 14
94.360000 10.730000 347 11
94.530000 10.730000 347 2
94.150000 10.560000 331 10
94.580000 10.840000 347 6
94.240000 10.660000 344 25
94.330000 10.720000 346 6
94.430000 10.710000 347 20
94.570000 10.770000 344 15
94.360000 10.710000 346 10
94.360000 10.730000 346 13
94.370000 10.790000 156 20
94.260000 10.720000 338 11
94.280000 10.630000 330 11
94.260000 10.550000 333 15
94.400000 10.690000 344 16
94.230000 10.640000 321 1
94.430000 10.800000 342 11
94.300000 10.680000 344 12
94.350000 10.720000 349 11
97.350000 0.290000 53 23
105.390000 -5.570000 228 3
96.930000 0.090000 24 13
97.170000 -0.010000 56 15
107.760000 -9.090000 22 24
107.650000 -9.510000 202 3
107.830000 -9.010000 194 13
108.320000 -9.420000 12 30
108.770000 -9.370000 18 31
107.660000 -9.570000 196 15
107.860000 -9.060000 10 21
108.750000 -9.300000 197 16
107.620000 -9.560000 20 19
108.890000 -9.260000 213 11
108.780000 -9.350000 205 10
107.960000 -9.690000 195 3
107.740000 -9.010000 198 9
108.620000 -9.470000 30 26
108.540000 -9.330000 15 27
107.530000 -9.730000 204 1
108.610000 -9.510000 20 21
108.550000 -9.330000 360 18
107.640000 -9.660000 27 8
107.580000 -9.490000 190 14
108.410000 -9.260000 23 1
107.320000 -9.710000 26 9
107.360000 -9.600000 207 10
108.090000 -9.810000 196 10
107.590000 -9.690000 205 1
107.530000 -9.790000 24 14
97.180000 0.190000 50 21
107.350000 -9.900000 30 3
100.140000 11.820000 91 4
95.000000 11.790000 309 2
94.960000 11.780000 311 9
100.180000 11.740000 77 8
97.210000 0.910000 355 26
97.010000 2.990000 215 3
98.020000 2.460000 40 11
92.530000 12.990000 117 6
105.140000 -6.520000 202 7
93.650000 7.670000 341 5
100.410000 -2.240000 51 3
96.970000 0.270000 49 7
100.460000 -2.260000 229 3
100.450000 -2.280000 209 4
91.780000 8.260000 276 2
91.820000 11.010000 279 5
91.780000 10.890000 91 24
91.780000 10.890000 253 14
91.900000 10.870000 91 21
91.680000 10.860000 100 21
91.710000 10.850000 107 3
91.930000 10.900000 90 29
91.730000 11.000000 107 18
91.640000 10.750000 97 21
107.620000 -9.520000 24 13
91.760000 11.020000 283 2
91.710000 10.950000 94 11
91.790000 10.980000 90 24
97.920000 25.050000 310 6
104.470000 -6.340000 262 17
92.390000 12.940000 296 2
100.510000 -2.220000 215 6
91.780000 10.930000 283 1
96.080000 15.580000 325 9
91.660000 10.760000 93 2
90.350000 29.810000 291 3
90.320000 29.650000 105 6
91.710000 10.830000 103 1
93.640000 8.660000 276 2
92.220000 7.660000 85 14
97.030000 0.110000 51 16
92.820000 13.730000 136 22
94.960000 11.800000 133 9
95.990000 15.580000 324 14
91.690000 10.670000 91 29
93.620000 9.050000 98 9
95.000000 12.140000 318 10
94.830000 12.030000 312 3
96.710000 0.300000 50 13
94.320000 10.700000 340 8
94.290000 10.750000 340 14
94.370000 10.770000 339 16
94.400000 10.710000 343 11
94.650000 11.280000 345 8
94.330000 10.640000 343 14
94.390000 10.750000 344 16
94.320000 10.670000 344 12
94.190000 10.610000 339 9
94.210000 10.660000 328 16
94.340000 10.700000 346 4
94.290000 10.730000 340 4
94.310000 10.690000 341 18
94.240000 10.740000 339 5
94.200000 10.640000 339 17
94.290000 10.760000 342 9
94.320000 10.660000 342 19
94.350000 10.740000 340 15
94.190000 10.610000 341 8
94.180000 10.670000 318 8
94.230000 10.590000 336 8
94.330000 10.600000 337 8
94.120000 10.590000 327 5
94.180000 10.640000 312 2
92.890000 14.100000 310 9
93.720000 9.020000 97 6
93.020000 13.960000 303 16
96.970000 0.270000 44 10
92.970000 14.030000 134 27
86.010000 29.490000 89 2
107.510000 -9.290000 205 20
97.110000 0.120000 47 5
93.170000 19.400000 252 18
93.180000 14.420000 132 20
91.890000 7.790000 80 5
108.090000 -8.020000 18 43
95.350000 14.000000 321 16
95.770000 13.420000 339 18
92.820000 13.610000 120 15
105.000000 -6.530000 312 13
99.750000 -3.690000 213 9
99.670000 -3.490000 234 7
99.570000 -3.460000 221 4
99.860000 -3.530000 211 15
99.580000 -3.550000 230 10
99.650000 -3.670000 220 7
100.130000 1.190000 80 40
90.340000 29.790000 87 0
99.040000 2.690000 70 43
94.110000 10.620000 318 18
104.070000 -8.270000 30 5
107.690000 -9.850000 24 7
107.650000 -9.980000 18 13
92.460000 9.640000 94 27
96.750000 1.140000 50 25
96.780000 1.170000 33 29
96.990000 0.250000 33 5
97.890000 2.960000 44 36
95.780000 12.990000 318 11
93.860000 7.800000 96 12
93.850000 7.730000 91 22
94.020000 7.720000 81 31
92.900000 6.310000 243 0
99.560000 1.850000 126 28
93.690000 8.570000 97 10
92.830000 3.390000 92 4
93.880000 8.830000 110 17
100.780000 27.770000 247 5
88.010000 29.910000 85 5
88.040000 29.950000 79 20
96.300000 4.860000 68 18
93.620000 10.460000 342 7
99.270000 24.650000 289 9
99.810000 25.980000 263 5
99.780000 25.950000 269 1
99.500000 -3.950000 219 13
91.250000 9.380000 95 7
97.910000 29.980000 151 0
95.850000 1.180000 45 14
99.330000 28.220000 0 0
99.090000 28.400000 9 3
100.740000 -2.070000 198 7
99.380000 28.230000 11 3
99.340000 28.220000 28 3
99.500000 28.250000 196 2
99.550000 28.290000 201 1
93.070000 14.290000 145 1
95.150000 12.400000 323 13
100.570000 25.500000 56 6
109.260000 -7.990000 198 26
95.060000 12.280000 319 6
99.070000 2.840000 94 40
98.390000 0.630000 228 35
95.210000 12.440000 317 6
85.500000 29.280000 92 6
100.030000 1.120000 85 40
95.560000 6.000000 96 24
95.220000 12.520000 321 8
94.420000 20.780000 58 33
94.330000 7.430000 96 11
96.150000 2.770000 205 13
96.100000 2.590000 55 5
96.960000 0.200000 54 13
92.850000 14.070000 127 8
92.950000 14.120000 117 15
94.990000 12.300000 130 7
85.830000 28.240000 259 6
84.870000 27.800000 65 23
97.2513 1.3546 42 2
97.900000 1.540000 14 29
95.9397 3.8705 43 43
103.570000 -5.980000 51 11
99.570000 25.090000 107 3
98.890000 0.790000 62 23
99.290000 -0.480000 10 14
93.690000 10.220000 354 11
101.790000 -6.860000 55 8
99.570000 26.080000 261 5
87.510000 28.480000 82 6
87.530000 28.450000 83 8
87.480000 28.570000 80 8
100.670000 -2.100000 64 45
100.380000 -6.060000 54 5
108.160000 -4.860000 52 4
98.140000 1.530000 44 32
94.970000 12.200000 145 6
98.510000 3.350000 72 19
98.450000 3.280000 71 15
101.540000 -3.040000 78 45
99.520000 0.600000 110 6
99.190000 1.480000 76 12
99.1495 1.4122 55 5
95.120000 6.310000 88 18
103.970000 -8.150000 223 10
91.890000 1.170000 98 7
91.890000 12.780000 325 25
95.080000 11.980000 326 14
108.050000 29.360000 312 14
92.420000 8.440000 75 6
91.770000 8.250000 281 2
91.860000 8.340000 102 4
96.790000 -0.170000 47 17
108.380000 -4.980000 60 16
92.500000 13.160000 131 8
96.470000 14.540000 331 14
105.380000 -8.840000 53 1
97.000000 0.220000 50 13
102.350000 -2.680000 62 30
95.880000 3.940000 165 3
105.800000 -6.760000 137 14
93.040000 14.110000 318 19
95.160000 11.150000 272 6
95.420000 13.130000 323 10
108.600000 -9.510000 27 13
92.990000 13.890000 119 16
92.960000 13.870000 110 22
98.460000 0.650000 119 34
94.540000 18.470000 37 31
92.960000 11.290000 116 41
93.440000 20.520000 91 6
91.800000 28.770000 88 4
99.620000 -3.450000 53 14
106.680000 -6.780000 318 26
97.250000 3.870000 46 33
87.310000 28.590000 265 1
92.970000 9.370000 162 12
