96.320000 3.400000 46 72
97.070000 26.680000 154 88
99.860000 1.580000 76 61
101.980000 -4.440000 28 65
98.680000 0.670000 35 55
101.490000 -3.100000 24 64
102.230000 -4.600000 20 58
107.640000 -8.170000 340 58
107.570000 -7.760000 353 67
107.090000 -6.570000 187 56
102.020000 -4.350000 42 66
93.020000 12.800000 321 60
93.070000 12.860000 230 81
102.890000 -4.230000 349 64
94.720000 23.090000 144 59
103.970000 -5.850000 356 62
102.810000 -5.120000 352 55
102.360000 -5.060000 23 54
84.280000 -0.910000 192 78
102.410000 -4.020000 10 61
93.690000 20.890000 248 69
101.250000 -4.080000 30 52
96.330000 5.230000 221 61
98.130000 -1.240000 65 54
98.220000 -1.210000 64 57
98.250000 -0.390000 50 48
100.960000 -1.080000 78 50
94.720000 24.500000 120 60
94.410000 7.310000 163 58
95.260000 24.900000 114 72
98.760000 -4.430000 226 56
102.320000 -6.370000 9 47
108.860000 -8.710000 34 68
103.040000 -5.710000 0 55
106.040000 -7.210000 358 70
108.250000 -7.660000 190 77
102.020000 -4.440000 26 59
97.040000 27.090000 292 77
92.610000 6.700000 134 56
100.100000 0.610000 82 55
103.170000 -5.590000 52 42
108.790000 -8.080000 192 66
101.200000 -2.790000 9 60
81.260000 29.330000 9 70
81.090000 29.600000 17 66
94.700000 15.870000 234 84
102.410000 -5.130000 34 58
103.120000 -5.370000 20 59
93.900000 22.720000 239 57
97.310000 0.150000 106 53
98.070000 2.060000 39 68
102.910000 -5.430000 14 63
102.930000 -5.420000 66 57
95.380000 24.940000 308 83
94.590000 22.960000 70 49
95.130000 22.490000 355 55
106.460000 -8.810000 2 54
92.910000 12.140000 259 59
100.590000 -1.530000 22 72
102.420000 -6.180000 5 44
97.780000 4.400000 141 61
101.920000 -4.600000 131 56
97.020000 2.480000 73 59
86.350000 18.660000 301 60
103.160000 -4.740000 1 59
103.050000 -4.740000 334 56
108.650000 -7.450000 211 75
107.190000 -8.090000 14 68
92.990000 11.690000 117 46
101.260000 -3.160000 85 64
102.990000 -6.750000 330 74
93.640000 12.950000 136 52
94.810000 5.730000 51 61
99.070000 14.950000 177 78
99.080000 14.930000 137 58
99.600000 -1.810000 12 48
103.230000 -4.730000 333 55
94.780000 5.720000 69 61
105.630000 -6.750000 30 71
87.490000 3.250000 141 54
95.200000 24.570000 127 67
103.540000 -4.660000 1 81
103.170000 -5.830000 342 49
104.030000 -6.360000 332 56
102.450000 -5.080000 340 53
103.570000 -7.130000 18 57
94.650000 24.500000 127 54
106.910000 -7.710000 345 64
105.340000 -6.630000 48 61
100.030000 -1.020000 28 73
98.920000 0.990000 101 40
98.040000 0.190000 33 53
107.970000 -7.940000 6 74
92.840000 24.600000 339 67
98.830000 1.640000 128 69
104.540000 -5.900000 53 60
105.470000 -6.620000 348 60
96.050000 26.180000 139 68
107.980000 -7.720000 17 60
95.130000 29.160000 187 50
107.100000 -6.890000 43 46
104.240000 -6.240000 21 72
99.900000 -0.850000 26 75
94.570000 22.890000 95 59
95.000000 4.400000 261 49
106.450000 -7.320000 30 45
93.510000 9.090000 94 46
98.040000 2.050000 354 69
93.360000 13.050000 114 62
96.290000 26.760000 13 61
102.700000 -4.290000 45 73
105.440000 -6.520000 8 72
102.060000 -4.610000 9 59
104.900000 -6.270000 55 57
94.440000 23.060000 119 54
105.260000 -7.910000 314 41
104.260000 -5.760000 104 51
99.120000 0.960000 47 39
102.750000 -4.500000 15 64
93.460000 11.030000 109 50
94.480000 4.660000 143 63
98.230000 -1.110000 51 53
103.380000 -4.640000 343 68
95.120000 25.140000 117 65
100.750000 -1.340000 21 43
95.160000 25.330000 98 73
107.190000 -7.740000 153 82
86.610000 26.780000 69 41
95.140000 25.310000 274 46
101.920000 -5.010000 81 48
85.540000 27.700000 352 71
99.420000 23.380000 333 51
97.160000 1.870000 27 47
102.890000 -5.520000 327 64
92.370000 24.360000 97 47
101.470000 -4.290000 40 50
101.430000 -4.220000 18 62
101.390000 -4.210000 34 50
102.990000 -5.470000 133 61
101.390000 -4.180000 9 65
87.000000 -3.880000 288 58
102.030000 -4.470000 52 71
94.580000 22.800000 86 43
96.150000 2.710000 7 63
102.760000 -5.060000 76 55
92.210000 -8.550000 233 43
102.930000 -4.430000 329 59
106.530000 -8.750000 245 51
95.280000 24.750000 142 58
96.100000 3.850000 44 72
109.070000 -8.110000 356 62
108.110000 -6.930000 248 71
95.330000 3.740000 174 66
105.320000 -6.550000 283 69
98.410000 -0.440000 346 56
102.400000 -3.960000 16 67
100.930000 -3.470000 15 65
108.860000 -8.660000 317 75
97.190000 3.730000 291 54
97.380000 3.910000 229 68
98.710000 0.590000 35 74
84.610000 -2.860000 242 47
102.360000 -3.980000 17 70
82.810000 -3.420000 224 51
103.910000 -6.010000 76 45
102.510000 -5.490000 69 57
104.860000 -6.010000 51 86
99.920000 -1.120000 37 63
93.850000 12.480000 119 58
95.420000 3.800000 277 87
102.880000 -4.240000 71 67
102.070000 -3.610000 70 61
93.090000 24.670000 109 45
103.180000 -4.920000 57 68
86.980000 9.270000 274 56
109.120000 -7.150000 167 56
103.150000 -5.770000 26 67
103.220000 -5.680000 28 61
95.240000 24.820000 85 59
104.570000 -4.300000 203 59
94.910000 24.300000 114 66
103.070000 -5.410000 24 54
103.020000 -5.500000 3 49
104.350000 -6.110000 324 44
103.010000 -5.360000 58 60
102.860000 -5.570000 28 50
101.820000 -3.070000 226 54
84.960000 -3.070000 233 74
93.620000 11.620000 62 74
106.950000 -8.110000 48 57
102.990000 -5.790000 30 57
101.960000 -4.860000 14 59
102.400000 -4.070000 39 70
99.680000 -1.620000 21 57
94.720000 6.530000 255 50
102.600000 -4.320000 43 49
96.160000 2.940000 43 54
102.900000 -5.240000 41 65
92.510000 11.790000 90 70
98.020000 1.920000 72 61
106.130000 -7.090000 11 70
98.680000 -0.560000 51 61
103.740000 -4.820000 51 63
99.810000 -2.010000 58 60
99.800000 -2.000000 40 53
99.720000 -2.060000 39 57
99.580000 -2.070000 56 50
99.540000 -1.860000 47 51
104.440000 -5.800000 58 57
109.060000 -8.000000 31 66
107.550000 -5.920000 333 56
101.470000 -3.140000 39 53
95.220000 24.720000 129 68
104.930000 -6.210000 22 62
96.270000 3.030000 59 64
97.620000 4.220000 52 45
104.600000 -5.900000 47 64
103.850000 29.090000 7 46
106.570000 -7.310000 347 56
95.870000 3.000000 53 71
105.080000 -6.400000 34 68
95.330000 25.010000 94 69
95.140000 25.260000 164 69
96.210000 2.980000 5 70
103.940000 -5.700000 5 65
106.290000 -6.980000 342 69
103.230000 -4.930000 20 67
95.940000 3.090000 65 65
101.930000 -4.540000 17 65
102.820000 -4.270000 42 69
99.680000 -2.020000 33 56
99.620000 -1.960000 28 64
96.070000 2.780000 19 71
92.640000 24.500000 265 68
107.490000 -7.940000 349 71
103.190000 -4.740000 17 70
104.100000 -6.230000 45 62
80.530000 29.840000 42 62
105.510000 -6.610000 1 69
102.140000 -3.370000 46 42
101.550000 -3.150000 41 65
99.740000 -1.870000 41 62
80.040000 23.080000 306 61
97.600000 1.070000 80 55
97.600000 1.070000 55 59
94.880000 21.820000 44 48
93.160000 23.890000 126 54
99.910000 -1.970000 47 64
102.840000 -4.450000 325 51
104.010000 -6.380000 6 67
103.190000 -4.960000 53 72
94.200000 6.880000 134 58
92.700000 22.210000 139 41
99.260000 -0.540000 25 65
99.480000 -2.230000 11 53
99.630000 -2.190000 26 55
104.060000 -6.310000 48 68
102.190000 -4.250000 13 63
103.070000 -4.690000 12 67
107.200000 -7.580000 37 70
106.950000 -7.770000 33 45
92.810000 27.770000 270 65
106.870000 -6.380000 213 49
92.510000 11.050000 74 56
102.960000 -5.160000 6 62
104.260000 -5.900000 44 61
107.860000 -7.610000 147 89
103.030000 -4.480000 71 56
101.960000 -4.760000 35 64
99.230000 -0.240000 42 77
104.720000 -6.470000 27 68
103.860000 -5.970000 65 59
104.220000 -6.190000 41 67
96.040000 3.370000 41 49
107.560000 -5.810000 307 62
102.370000 -4.140000 57 60
102.940000 -5.300000 266 67
102.660000 -4.080000 55 68
102.190000 -5.410000 94 48
106.460000 -6.320000 215 61
106.140000 -6.580000 97 83
102.090000 -6.010000 90 48
107.090000 -7.090000 162 55
97.210000 4.570000 354 58
106.610000 -8.950000 19 52
103.080000 -4.740000 29 65
109.590000 -9.190000 1 64
98.040000 2.010000 140 69
98.000000 -0.850000 54 61
102.660000 -4.910000 37 68
106.660000 -7.360000 32 64
102.010000 -4.140000 45 64
102.129 -4.405 95 79
102.690000 -5.000000 21 65
102.700000 -5.090000 32 65
97.240000 26.860000 118 57
101.900000 -4.610000 128 76
97.020000 26.590000 276 71
102.750000 -5.330000 79 57
102.760000 -5.360000 60 58
102.050000 -4.480000 61 50
101.490000 -5.540000 52 48
102.730000 -4.820000 76 54
94.690000 24.510000 117 48
101.970000 -4.630000 16 75
103.760000 -4.470000 359 74
102.370000 -4.070000 11 67
102.690000 -6.030000 262 90
102.710000 -5.200000 322 46
96.590000 1.440000 62 77
101.820000 -5.430000 331 72
107.880000 -6.650000 57 75
92.950000 10.000000 202 66
94.860000 23.870000 62 58
92.860000 9.980000 217 66
105.630000 -6.550000 3 71
92.980000 9.940000 224 61
102.600000 -4.860000 34 65
108.890000 -8.700000 53 62
101.780000 -4.020000 22 58
101.600000 -4.190000 38 77
101.750000 -4.050000 46 64
99.250000 -0.200000 83 51
102.560000 -4.680000 26 60
102.490000 -5.160000 18 61
102.760000 -4.780000 24 59
102.740000 -4.780000 29 65
102.730000 -5.090000 65 57
102.450000 -4.900000 350 59
97.680000 0.340000 69 57
102.190000 -5.360000 9 71
106.120000 -7.210000 7 68
102.630000 -4.890000 31 65
101.630000 -4.190000 35 70
102.200000 -4.380000 55 58
95.040000 24.630000 199 51
106.490000 -9.180000 270 77
101.080000 -3.630000 29 57
93.530000 12.280000 129 50
97.780000 0.410000 41 64
107.210000 -7.740000 56 65
98.540000 0.290000 27 45
94.990000 24.430000 112 62
80.210000 11.960000 282 60
81.750000 29.610000 16 48
81.750000 29.550000 46 70
101.900000 -4.760000 38 57
97.920000 1.950000 29 64
101.440000 -4.040000 340 57
102.340000 -5.630000 106 83
95.630000 3.490000 90 52
95.610000 3.510000 328 86
95.660000 3.540000 283 85
95.660000 3.530000 114 88
95.680000 3.480000 193 65
104.590000 -5.880000 3 64
101.380000 -4.120000 24 68
98.680000 -0.500000 60 58
103.130000 -4.800000 55 54
107.870000 -7.640000 357 56
102.060000 -5.820000 68 75
101.700000 -5.840000 104 47
102.560000 -2.340000 43 52
104.180000 -6.960000 335 82
103.990000 -6.980000 290 71
84.79 27.11 295.8 20.6
87.93 28.21 46 30.9
104.600000 -6.350000 17 74
93.430000 8.340000 93 50
105.710000 -6.750000 0 80
104.880000 -6.200000 24 63
93.070000 13.040000 199 58
93.160000 13.060000 184 62
93.170000 13.110000 170 56
101.380000 -3.250000 10 63
103.030000 -5.860000 19 59
94.420000 6.030000 43 42
96.080000 2.820000 52 60
96.390000 2.950000 77 55
104.570000 -5.650000 10 53
96.090000 3.010000 41 63
102.180000 -4.210000 149 63
104.040000 -5.650000 292 42
105.640000 -6.610000 140 51
98.600000 0.540000 24 65
97.960000 0.200000 48 82
95.240000 19.890000 25 47
103.680000 -5.510000 14 64
95.430000 4.000000 167 44
101.200000 -2.730000 13 65
103.210000 -4.680000 26 71
103.680000 -7.020000 294 80
103.690000 -7.030000 107 49
107.320000 -8.060000 323 55
108.370000 -9.530000 18 48
95.760000 2.770000 84 39
102.060000 -3.640000 16 67
93.600000 6.680000 340 48
92.310000 22.850000 93 76
92.340000 22.830000 95 61
102.120000 -5.640000 323 70
96.820000 2.080000 52 58
96.070000 2.590000 80 54
102.840000 -4.440000 71 67
103.570000 -5.630000 104 51
103.250000 -4.820000 355 66
103.770000 -6.100000 15 56
95.740000 19.810000 301 71
102.630000 -4.070000 30 70
93.250000 13.040000 173 66
106.270000 -6.960000 18 68
95.700000 19.850000 304 73
102.810000 -5.560000 15 67
102.030000 -5.800000 258 80
94.710000 4.150000 138 50
105.870000 -8.570000 356 80
100.650000 -0.470000 149 73
102.330000 -6.160000 50 52
102.220000 -6.130000 350 56
104.530000 -5.800000 19 81
101.940000 -5.110000 349 68
105.440000 -6.650000 318 55
100.540000 -1.550000 17 70
93.220000 13.110000 129 72
102.720000 -5.210000 50 45
102.200000 -4.280000 8 78
93.190000 13.090000 151 72
106.180000 -6.940000 313 63
97.820000 0.410000 35 59
102.650000 -5.230000 7 73
97.220000 27.100000 335 78
103.910000 -6.160000 41 73
97.380000 1.290000 101 55
102.850000 -4.340000 91 67
95.670000 -6.240000 227 50
109.790000 -8.290000 150 72
98.730000 0.110000 327 65
107.960000 -7.750000 353 78
97.910000 0.190000 42 72
94.300000 24.300000 116 50
103.100000 -4.890000 324 70
101.920000 -4.890000 29 64
103.210000 -4.910000 7 77
102.870000 -6.960000 14 59
97.930000 1.980000 14 68
99.340000 -2.070000 36 71
100.620000 -3.090000 347 72
92.540000 24.760000 82 51
95.780000 3.300000 36 52
92.960000 6.910000 21 65
92.380000 8.880000 101 81
93.740000 8.860000 279 72
94.470000 2.780000 65 79
94.090000 3.650000 300 49
94.160000 2.790000 341 58
94.470000 5.480000 55 69
94.890000 3.350000 63 75
92.580000 6.760000 336 76
93.480000 7.940000 126 49
94.510000 2.710000 60 77
94.610000 5.520000 47 76
93.280000 6.480000 326 48
94.650000 5.350000 38 66
92.640000 7.710000 317 70
95.110000 4.720000 46 75
94.630000 2.750000 74 68
95.610000 2.930000 148 79
93.870000 3.350000 307 65
92.650000 8.740000 121 79
92.810000 6.820000 65 85
92.350000 10.550000 66 51
95.210000 4.730000 54 71
93.000000 6.700000 300 52
93.760000 3.370000 284 82
93.000000 6.720000 90 66
93.160000 8.380000 91 58
93.140000 9.360000 36 68
94.900000 5.140000 40 46
95.570000 2.800000 66 57
93.880000 3.110000 229 76
94.660000 5.450000 35 74
94.280000 5.530000 35 72
94.400000 5.770000 64 46
94.300000 5.530000 31 69
92.510000 12.240000 59 53
94.390000 2.700000 323 70
94.540000 5.290000 34 72
94.490000 5.350000 333 74
92.530000 7.120000 139 79
95.190000 4.320000 39 46
93.280000 5.900000 328 59
94.830000 5.030000 29 75
92.910000 6.200000 348 55
95.270000 3.170000 152 82
94.860000 5.110000 36 73
95.140000 4.730000 46 48
95.620000 2.910000 58 59
94.400000 5.470000 26 65
94.810000 4.930000 112 70
93.220000 8.110000 79 50
92.700000 7.140000 112 56
92.760000 7.190000 98 65
96.490000 3.180000 87 69
95.460000 3.240000 142 77
94.460000 5.390000 28 61
92.790000 6.360000 77 71
94.340000 5.350000 37 57
92.220000 10.580000 72 51
92.360000 10.670000 68 64
93.070000 6.500000 103 51
94.790000 4.920000 50 73
94.600000 5.120000 81 64
91.730000 10.560000 78 66
93.650000 3.530000 163 79
93.030000 6.720000 84 72
94.760000 5.590000 21 75
94.390000 5.490000 47 66
94.830000 5.320000 27 73
91.910000 10.630000 26 62
94.780000 4.870000 77 49
92.400000 7.590000 97 69
95.110000 4.930000 45 67
92.280000 10.530000 56 48
95.440000 2.900000 348 72
94.790000 5.060000 37 75
94.620000 5.550000 34 72
94.740000 5.120000 53 70
94.380000 5.620000 355 67
93.250000 8.860000 257 41
95.200000 4.800000 61 74
93.920000 3.130000 126 81
105.240000 -6.460000 29 48
95.920000 3.870000 83 77
92.020000 10.620000 23 60
94.700000 22.970000 93 53
97.200000 1.220000 342 75
94.140000 3.630000 317 59
94.090000 3.600000 320 54
94.160000 3.580000 299 73
94.390000 2.600000 117 67
94.810000 4.750000 67 74
94.670000 5.450000 39 76
94.600000 2.700000 76 73
94.330000 5.340000 70 71
91.780000 10.780000 7 77
94.310000 5.510000 38 64
94.710000 5.070000 66 73
93.000000 13.100000 314 58
93.700000 3.330000 132 86
93.750000 3.320000 320 62
94.320000 5.510000 41 76
94.560000 5.180000 16 70
94.230000 2.800000 223 78
94.500000 5.270000 38 65
92.840000 6.830000 6 62
95.750000 2.720000 98 49
94.990000 2.260000 178 86
93.580000 13.850000 18 56
95.800000 19.820000 323 64
95.160000 2.280000 95 60
92.620000 6.800000 129 76
95.120000 4.800000 43 70
94.790000 5.080000 25 73
94.800000 5.070000 30 71
98.730000 -0.130000 32 42
95.160000 4.700000 59 71
94.420000 5.450000 33 66
101.610000 -5.640000 11 61
94.330000 5.230000 349 81
92.210000 11.400000 23 58
93.750000 3.260000 179 77
91.770000 10.830000 121 70
95.460000 2.880000 56 75
95.730000 2.890000 65 54
94.260000 2.740000 111 78
95.590000 2.910000 51 51
101.540000 -5.610000 51 74
91.830000 9.310000 123 62
93.060000 9.400000 39 78
94.690000 5.480000 54 76
92.970000 11.550000 102 43
94.600000 5.490000 25 70
93.150000 9.440000 54 78
94.430000 5.440000 20 61
102.750000 -5.640000 30 63
95.090000 4.860000 42 68
95.670000 4.000000 74 73
92.570000 12.310000 71 65
94.370000 5.490000 45 66
97.110000 2.090000 30 52
96.580000 2.650000 19 62
97.260000 1.080000 43 76
97.760000 1.800000 55 75
97.330000 2.350000 84 72
97.320000 1.070000 347 72
97.100000 1.770000 40 59
96.940000 1.890000 55 58
97.720000 0.180000 300 44
97.240000 2.530000 41 75
95.410000 2.990000 53 58
95.420000 2.930000 50 57
97.170000 1.250000 358 65
94.370000 5.440000 77 83
97.160000 1.230000 353 83
96.720000 2.110000 18 79
97.070000 1.860000 63 58
97.190000 1.310000 36 64
97.120000 1.700000 38 58
94.580000 5.110000 97 77
97.210000 1.320000 34 73
97.740000 0.350000 1 69
97.090000 1.360000 16 77
96.370000 2.290000 39 55
96.690000 2.170000 63 75
97.090000 2.700000 54 68
97.240000 1.130000 62 66
99.840000 -1.730000 35 75
98.320000 0.370000 34 59
97.940000 2.020000 21 66
97.140000 1.170000 46 65
96.280000 2.970000 290 80
96.750000 2.090000 38 72
97.410000 1.030000 42 74
97.870000 1.610000 38 63
97.150000 1.280000 341 68
97.860000 1.970000 317 49
94.330000 5.260000 31 79
96.330000 2.190000 67 82
102.420000 -3.980000 353 65
96.770000 2.070000 11 71
97.240000 1.200000 17 67
97.440000 0.560000 146 72
97.160000 1.350000 70 63
97.200000 1.310000 43 74
99.420000 -1.570000 151 67
97.160000 1.400000 38 73
97.270000 1.100000 11 72
92.230000 10.570000 78 52
99.610000 -1.640000 237 79
99.780000 -1.710000 269 78
99.720000 -1.710000 247 83
99.640000 -1.630000 313 84
99.930000 -1.780000 265 65
99.640000 -1.620000 92 72
99.620000 -1.650000 332 69
99.780000 -1.830000 284 57
99.720000 -1.590000 203 55
99.800000 -1.700000 339 85
99.800000 -1.640000 279 58
99.790000 -1.750000 97 76
99.560000 -1.540000 219 86
103.790000 -6.230000 346 68
99.660000 -1.690000 321 59
96.760000 2.170000 52 63
96.830000 2.080000 43 65
99.730000 -1.730000 148 74
99.690000 -1.740000 356 73
99.850000 -1.760000 301 56
99.450000 -1.590000 209 75
99.800000 -1.760000 296 55
99.850000 -1.710000 286 60
93.700000 3.370000 305 75
99.880000 -1.710000 325 60
99.950000 -1.910000 27 62
104.750000 -6.080000 62 76
96.330000 2.930000 279 74
97.110000 1.100000 79 67
97.660000 1.810000 17 58
99.560000 -1.620000 136 54
99.620000 -1.630000 317 87
97.490000 0.930000 43 66
96.300000 2.360000 17 71
95.990000 2.750000 43 58
96.310000 2.370000 358 67
97.250000 1.080000 56 60
94.070000 3.030000 110 73
97.020000 2.290000 91 60
97.170000 1.360000 37 57
93.170000 4.290000 150 73
96.800000 2.130000 52 60
97.130000 1.970000 43 66
99.300000 -1.660000 27 76
99.860000 -1.620000 244 59
97.090000 1.300000 75 66
95.880000 2.460000 46 77
94.270000 5.230000 63 75
94.840000 5.100000 39 71
103.140000 -6.230000 349 72
97.320000 1.200000 40 60
97.230000 1.240000 52 64
97.000000 2.600000 68 57
94.470000 5.060000 77 54
96.270000 2.420000 7 70
98.460000 0.590000 61 66
98.570000 0.350000 54 67
93.510000 3.740000 295 65
97.930000 0.220000 100 66
97.040000 1.990000 49 52
97.920000 1.960000 64 80
97.170000 1.400000 325 49
94.800000 5.280000 37 68
97.450000 0.800000 32 75
94.530000 2.650000 4 76
95.600000 2.910000 73 56
97.180000 1.350000 59 75
96.670000 2.040000 33 71
94.430000 5.240000 105 49
94.650000 5.460000 31 75
94.630000 28.880000 8 47
97.150000 1.460000 41 55
96.720000 2.170000 47 64
97.090000 1.810000 38 56
97.510000 1.010000 36 61
94.170000 2.740000 194 83
94.750000 5.620000 19 70
96.800000 2.140000 59 63
97.250000 1.170000 45 69
96.350000 2.300000 69 69
94.750000 4.950000 17 77
92.620000 6.610000 149 84
107.460000 -7.850000 338 75
95.150000 4.810000 65 72
93.270000 4.180000 150 79
97.140000 1.280000 354 66
97.250000 1.100000 59 55
93.610000 13.850000 13 56
97.080000 1.820000 39 52
95.060000 2.260000 280 44
103.550000 -5.920000 353 72
93.420000 3.960000 75 77
94.390000 2.630000 317 52
97.110000 1.330000 325 69
97.230000 1.270000 43 61
92.900000 10.350000 49 69
94.990000 21.010000 57 64
94.590000 2.590000 336 80
94.420000 5.460000 71 64
94.800000 5.110000 19 71
99.630000 -1.490000 310 65
96.840000 1.180000 55 60
96.020000 2.640000 32 74
93.690000 3.220000 190 74
93.770000 3.290000 234 72
97.420000 1.090000 41 55
94.480000 5.180000 26 56
97.760000 0.350000 49 62
97.820000 0.380000 354 70
97.150000 1.220000 330 49
94.260000 5.250000 32 78
92.670000 6.720000 92 85
94.020000 3.020000 334 77
97.210000 1.370000 43 64
94.570000 5.440000 62 78
96.690000 2.160000 23 80
94.580000 5.550000 26 71
97.140000 1.470000 41 70
92.250000 11.040000 100 60
97.740000 0.320000 49 63
99.620000 -1.660000 293 61
94.790000 5.070000 14 73
102.700000 -3.800000 31 61
95.140000 4.750000 312 55
94.690000 5.500000 84 71
97.400000 0.630000 93 50
95.040000 4.860000 37 68
96.310000 2.430000 80 69
94.780000 24.560000 121 50
97.170000 1.340000 320 56
95.970000 3.980000 325 56
103.880000 -5.950000 9 76
97.240000 1.110000 45 50
94.390000 5.540000 23 64
107.030000 -7.890000 337 74
94.280000 5.560000 34 72
97.870000 1.980000 32 49
92.300000 10.890000 71 66
95.100000 4.820000 42 70
97.950000 2.030000 32 67
99.530000 -1.460000 192 87
95.830000 2.740000 0 71
99.540000 -1.790000 2 76
96.360000 2.310000 79 63
96.210000 2.360000 323 57
97.130000 1.690000 324 61
84.860000 28.390000 151 84
97.270000 1.230000 42 61
95.470000 2.820000 28 70
96.790000 2.160000 52 60
103.510000 -4.000000 260 63
96.940000 0.730000 236 58
97.270000 1.160000 37 62
97.240000 1.140000 33 73
93.820000 3.090000 165 79
97.160000 1.060000 119 50
96.280000 2.390000 323 64
97.200000 1.360000 46 68
97.330000 0.150000 309 68
94.520000 5.120000 66 74
95.920000 2.840000 53 62
95.140000 4.740000 68 72
97.900000 0.120000 34 74
97.860000 0.040000 45 77
97.530000 0.980000 358 71
94.750000 4.870000 26 71
93.270000 13.030000 77 72
96.070000 2.700000 55 62
93.000000 4.920000 176 70
86.380000 27.250000 6 75
92.410000 11.900000 85 55
96.450000 2.220000 38 74
97.100000 1.610000 23 60
97.220000 1.060000 33 75
95.450000 2.860000 70 70
96.250000 2.410000 50 70
88.390000 27.380000 311 63
94.440000 5.350000 349 70
81.340000 -7.670000 258 71
105.980000 -8.670000 38 58
106.040000 -8.660000 16 60
94.690000 5.610000 19 73
95.900000 2.670000 76 64
101.440000 -4.550000 339 70
101.410000 -4.570000 17 72
107.760000 -7.760000 188 48
97.080000 1.660000 352 65
93.640000 13.880000 25 62
106.720000 -7.370000 345 75
94.780000 5.070000 18 72
96.050000 4.130000 116 54
93.970000 2.940000 247 79
95.680000 2.720000 95 60
94.930000 2.270000 301 52
96.390000 2.410000 43 69
93.070000 4.750000 48 79
100.010000 -0.630000 37 42
93.220000 9.410000 5 67
97.000000 1.990000 50 51
102.360000 -4.840000 10 68
97.160000 1.300000 11 67
94.320000 23.310000 30 82
94.440000 5.510000 47 72
92.460000 6.980000 50 88
94.570000 5.510000 12 71
94.370000 2.650000 160 72
97.130000 1.420000 68 70
92.450000 6.940000 115 81
102.150000 -4.750000 78 42
92.790000 6.500000 83 72
93.600000 3.720000 149 73
107.410000 -9.250000 6 55
105.390000 -6.530000 333 71
97.150000 1.710000 38 50
97.180000 1.460000 38 69
96.350000 2.400000 47 57
94.660000 5.520000 27 75
95.100000 4.720000 101 59
104.150000 28.010000 198 57
107.940000 -9.160000 53 68
94.780000 5.120000 8 70
97.470000 1.070000 336 69
93.120000 9.450000 63 76
97.250000 1.320000 332 56
95.010000 4.940000 135 84
97.430000 1.110000 36 68
97.360000 1.040000 34 74
92.330000 24.540000 116 46
94.780000 4.750000 49 67
94.770000 4.740000 55 58
99.090000 3.400000 91 48
94.750000 5.080000 36 76
95.020000 4.820000 38 72
92.360000 10.650000 73 59
94.350000 5.450000 25 71
101.410000 -5.440000 335 52
97.960000 0.250000 39 65
92.440000 8.080000 107 70
101.450000 -5.490000 18 61
95.810000 2.820000 53 71
97.110000 1.730000 331 62
107.190000 -7.820000 16 61
97.320000 0.450000 328 70
94.260000 5.210000 30 76
97.230000 0.640000 327 69
97.370000 1.070000 44 70
102.980000 -4.390000 71 70
96.340000 3.780000 55 52
97.910000 1.960000 16 66
102.950000 -4.430000 346 69
95.700000 2.920000 51 52
94.640000 5.360000 38 70
94.620000 5.510000 9 73
99.870000 -2.330000 30 76
97.250000 1.250000 39 70
96.030000 4.110000 74 72
96.750000 2.010000 81 66
96.150000 2.670000 47 71
94.580000 5.420000 37 77
103.220000 -7.350000 16 63
104.540000 -5.950000 74 74
97.460000 5.000000 170 78
98.000000 2.270000 123 63
92.520000 7.160000 130 82
95.610000 19.310000 325 82
95.610000 19.240000 95 86
107.680000 -5.930000 321 49
107.419 -5.859 321 52
99.320000 1.800000 75 54
97.750000 0.290000 38 69
97.800000 0.340000 24 71
101.370000 -4.440000 29 53
100.840000 -2.620000 28 63
99.670000 -1.690000 55 77
99.630000 -2.130000 42 55
101.270000 -4.300000 339 63
101.530000 -3.160000 12 70
99.950000 -2.230000 35 72
101.830000 -3.780000 15 67
100.120000 -2.150000 23 72
101.170000 -4.070000 26 53
101.200000 -4.230000 7 71
101.220000 -4.230000 355 63
101.190000 -2.790000 15 72
101.240000 -2.800000 83 71
99.720000 -1.760000 303 79
101.110000 -2.760000 19 71
101.170000 -2.720000 20 69
101.200000 -2.830000 350 67
100.770000 -3.640000 23 70
101.350000 -3.260000 15 72
100.890000 -2.750000 14 68
101.230000 -4.300000 4 70
100.140000 -2.000000 28 64
99.940000 -2.000000 12 69
99.930000 -2.130000 35 69
100.850000 -3.680000 15 68
100.830000 -3.610000 0 68
100.380000 -3.160000 30 57
101.460000 -4.390000 13 68
100.460000 -1.770000 6 74
99.490000 -1.790000 30 57
95.540000 2.920000 57 69
95.520000 2.900000 56 52
101.220000 -4.240000 14 62
99.480000 -1.740000 34 65
100.980000 -3.900000 26 66
100.530000 -3.250000 44 54
101.680000 -3.410000 341 69
100.480000 -3.210000 17 71
100.800000 -3.590000 29 61
100.900000 -3.580000 17 62
99.900000 -2.000000 28 65
101.020000 -3.900000 29 56
100.790000 -3.540000 26 66
101.280000 -2.990000 23 75
100.540000 -3.270000 24 53
100.690000 -0.880000 66 41
96.360000 3.060000 2 69
95.060000 4.740000 38 72
101.160000 -2.810000 19 71
101.140000 -2.860000 16 72
97.880000 1.980000 12 67
101.360000 -4.620000 36 51
105.990000 -7.070000 20 55
94.570000 23.500000 131 69
96.800000 2.090000 55 53
101.030000 -2.780000 26 70
94.680000 5.480000 13 74
92.330000 22.760000 37 77
92.870000 10.410000 62 72
97.440000 1.010000 42 62
97.160000 1.340000 74 71
101.220000 -2.830000 42 72
97.270000 1.030000 34 67
101.210000 -3.010000 16 70
100.930000 -3.290000 12 69
99.950000 -2.430000 36 59
95.960000 2.770000 42 56
99.880000 -2.320000 34 61
99.960000 -2.510000 29 54
101.990000 -3.740000 13 76
99.950000 -2.340000 37 71
99.930000 -2.400000 33 51
99.970000 -2.490000 33 51
99.890000 -2.330000 34 51
99.810000 -2.240000 31 53
101.060000 -3.860000 9 57
93.480000 3.930000 40 78
99.820000 -2.180000 19 60
94.820000 5.080000 23 75
99.790000 -2.230000 34 72
100.810000 -3.760000 4 68
94.590000 2.700000 75 76
101.100000 -2.900000 9 70
95.300000 2.860000 48 54
102.720000 -4.350000 1 74
101.410000 -3.270000 22 76
107.880000 -7.780000 320 72
101.320000 -3.020000 10 70
94.700000 5.510000 358 73
95.090000 4.680000 56 71
101.390000 -3.180000 14 72
101.470000 -3.180000 10 69
102.460000 -4.190000 11 78
101.270000 -4.130000 23 59
101.100000 -4.450000 31 59
97.760000 0.350000 31 68
99.970000 -2.080000 8 73
97.480000 0.820000 55 69
92.700000 6.790000 80 79
101.430000 -3.180000 23 77
97.160000 1.320000 21 63
97.190000 1.340000 38 58
95.330000 25.970000 121 59
96.550000 2.230000 49 63
91.660000 11.610000 136 72
93.580000 13.860000 7 63
101.080000 -3.940000 30 53
100.990000 -3.910000 36 67
103.060000 -3.930000 104 64
96.320000 2.510000 41 65
102.220000 -5.210000 350 66
81.680000 -3.330000 89 47
97.250000 1.140000 33 61
101.260000 -4.350000 14 60
101.750000 -4.740000 21 60
100.750000 -3.650000 31 55
101.040000 -2.830000 18 68
103.510000 -6.070000 23 72
95.040000 4.830000 37 71
101.220000 -4.300000 15 62
101.300000 -4.330000 27 59
94.170000 6.450000 64 50
100.720000 -3.530000 360 67
98.180000 -0.350000 14 55
98.270000 -0.260000 23 58
98.550000 0.480000 17 71
97.180000 1.440000 32 64
95.050000 4.670000 38 71
94.310000 5.260000 4 73
100.630000 -3.510000 29 57
94.440000 6.260000 82 82
97.290000 1.180000 46 72
100.410000 -3.090000 32 52
100.470000 -3.120000 31 54
100.320000 -3.330000 36 61
99.090000 2.800000 98 47
101.140000 -5.440000 312 46
102.900000 -4.890000 45 49
103.050000 -4.990000 14 74
102.300000 -2.580000 70 45
102.910000 -4.800000 3 73
101.700000 -5.500000 314 54
101.580000 -5.520000 327 61
108.740000 -8.800000 358 68
94.790000 24.320000 102 56
99.490000 -1.480000 245 76
99.430000 -1.450000 258 71
99.270000 -1.530000 302 71
99.550000 -1.380000 296 71
99.420000 -1.450000 323 68
97.950000 -0.910000 39 66
99.370000 -1.370000 200 74
99.480000 -1.420000 273 73
99.570000 -1.650000 216 76
94.660000 5.470000 11 74
95.100000 25.280000 110 47
99.470000 -1.360000 198 67
107.300000 -7.780000 41 71
94.680000 24.330000 121 47
104.790000 -6.290000 76 68
94.320000 5.260000 119 63
102.670000 -4.500000 46 79
91.440000 27.330000 6 51
94.790000 20.400000 74 37
99.870000 -0.720000 47 53
105.220000 -6.530000 344 75
91.420000 27.260000 3 52
102.980000 -5.000000 341 69
103.120000 -4.730000 3 73
95.910000 2.770000 52 62
91.820000 22.000000 46 84
99.390000 -1.430000 266 66
94.810000 24.360000 109 55
102.690000 -4.260000 349 75
99.090000 -0.320000 350 79
100.910000 -2.880000 345 64
94.290000 2.780000 242 76
105.930000 -7.280000 23 74
94.710000 23.200000 62 74
100.980000 -3.760000 29 57
94.620000 23.060000 103 56
97.200000 1.340000 31 64
83.730000 -2.720000 7 81
102.830000 -4.640000 335 68
100.140000 -2.150000 13 70
97.050000 2.380000 39 52
101.100000 -4.050000 30 54
101.000000 -3.880000 2 66
96.020000 3.750000 41 60
95.850000 3.500000 36 69
107.220000 -7.840000 214 59
100.970000 -3.860000 32 67
93.450000 11.120000 128 46
108.280000 -9.560000 29 65
93.090000 13.200000 289 69
101.340000 -4.490000 20 65
97.190000 1.240000 35 73
92.250000 10.230000 79 55
80.400000 29.840000 330 56
97.140000 1.390000 44 66
104.620000 -6.500000 8 74
103.960000 -6.350000 38 71
107.060000 -7.490000 341 73
96.720000 2.220000 35 62
103.580000 -4.120000 219 51
103.460000 -6.910000 337 71
96.950000 1.950000 38 55
94.740000 5.000000 20 73
94.740000 5.050000 17 73
95.390000 3.660000 86 62
94.340000 6.630000 56 59
100.080000 -3.490000 39 53
100.380000 -2.950000 27 64
100.460000 -3.290000 32 57
99.890000 -2.340000 13 71
104.060000 -6.340000 14 73
99.420000 -1.740000 24 62
107.210000 -7.860000 68 74
106.930000 -8.020000 335 67
100.180000 -3.770000 45 61
104.010000 -6.260000 43 68
96.000000 3.880000 93 72
94.670000 5.420000 14 74
95.890000 2.710000 44 61
95.960000 3.950000 29 81
101.430000 -4.460000 37 59
100.000000 -2.650000 50 67
105.080000 -6.960000 327 64
96.290000 2.490000 48 59
96.290000 2.400000 59 54
100.540000 -3.610000 46 71
102.650000 -5.030000 31 67
96.400000 2.630000 44 54
95.520000 2.890000 37 71
95.520000 2.900000 54 53
102.140000 -4.250000 11 71
96.830000 2.200000 55 63
96.760000 1.990000 81 69
94.680000 24.640000 104 50
98.820000 0.810000 103 58
97.890000 1.900000 16 69
97.450000 0.830000 90 80
80.760000 29.690000 334 63
106.220000 -6.930000 347 74
97.100000 1.620000 36 65
108.520000 -8.040000 38 63
100.630000 -3.530000 52 53
101.850000 -4.890000 43 64
103.480000 -5.710000 25 55
101.360000 -3.250000 27 71
98.720000 25.080000 86 84
101.890000 -5.040000 34 70
97.170000 1.420000 45 70
106.460000 -7.200000 46 74
101.100000 -2.830000 23 71
101.090000 -2.910000 22 69
102.400000 -4.250000 348 70
94.950000 4.740000 38 74
104.050000 -6.280000 33 69
96.350000 2.480000 27 72
103.710000 -6.140000 39 70
103.050000 -4.070000 226 74
99.940000 -2.460000 48 75
101.350000 -3.250000 20 70
95.240000 24.950000 124 69
99.450000 -2.220000 62 62
99.450000 -2.270000 55 66
97.870000 0.170000 35 66
102.180000 -4.320000 26 71
104.340000 -5.840000 22 76
99.070000 -0.940000 2 50
96.270000 2.400000 54 68
96.680000 2.070000 70 65
102.200000 -3.680000 77 59
94.400000 4.990000 69 66
102.710000 -4.320000 22 76
95.110000 4.620000 68 70
94.570000 5.410000 25 75
100.430000 -3.350000 47 64
93.790000 3.310000 190 71
92.140000 0.240000 187 70
105.460000 -6.810000 40 63
94.080000 2.840000 281 52
93.820000 3.250000 182 67
93.850000 3.260000 164 74
93.820000 3.270000 299 84
93.350000 2.150000 71 57
93.720000 3.270000 170 63
94.460000 2.700000 124 75
100.440000 -3.340000 45 57
94.510000 2.700000 105 70
105.420000 -8.350000 57 64
94.470000 2.640000 266 70
100.150000 -2.820000 8 58
106.370000 -7.690000 37 65
94.670000 5.480000 15 70
105.490000 -5.680000 11 44
100.990000 -2.920000 24 68
103.190000 -4.930000 23 76
100.590000 -3.640000 70 62
109.100000 -7.980000 5 78
102.790000 -4.380000 317 70
96.040000 2.710000 55 59
104.420000 -6.000000 61 74
100.470000 -1.760000 38 76
96.960000 1.900000 64 63
94.750000 5.060000 17 73
103.000000 -4.750000 2 71
82.690000 28.470000 16 66
103.990000 27.580000 197 49
100.590000 -3.320000 37 54
103.740000 -6.170000 59 77
89.700000 2.610000 90 42
101.920000 -2.920000 39 61
92.820000 26.880000 297 55
97.670000 -0.430000 80 63
98.380000 0.880000 77 47
107.530000 -6.760000 164 52
97.460000 0.890000 63 61
106.670000 -7.370000 345 77
102.830000 -4.530000 12 78
93.640000 13.850000 8 59
94.780000 22.440000 130 46
95.050000 25.330000 102 74
95.100000 4.720000 35 69
101.300000 -2.990000 25 71
94.980000 4.570000 51 71
104.380000 -6.550000 29 72
107.290000 -7.000000 65 41
92.220000 24.680000 321 53
95.830000 2.710000 29 75
95.650000 19.220000 199 78
102.530000 -4.150000 2 78
95.750000 19.250000 140 80
98.640000 0.220000 15 72
106.070000 -7.090000 339 71
95.620000 19.260000 290 76
95.150000 28.890000 30 84
104.960000 28.380000 124 64
95.920000 3.890000 36 76
107.910000 -9.160000 41 60
107.440000 -9.330000 40 74
102.380000 -4.940000 44 51
82.280000 28.660000 13 70
100.560000 -3.270000 25 61
100.460000 -3.360000 41 67
97.970000 5.380000 306 58
94.430000 22.040000 124 54
94.730000 23.940000 60 57
100.400000 -3.290000 57 70
94.380000 5.360000 22 68
103.040000 -4.740000 90 59
91.750000 1.250000 72 46
88.400000 27.290000 310 67
103.090000 -5.800000 28 71
95.860000 3.960000 58 71
107.800000 -8.110000 352 76
94.460000 5.390000 1 67
107.930000 -7.870000 336 78
98.560000 0.260000 98 47
96.830000 2.040000 58 60
96.680000 2.030000 64 63
91.510000 1.350000 194 66
102.850000 -4.920000 45 75
109.260000 -8.230000 117 46
109.290000 -8.050000 103 51
97.260000 1.210000 51 66
97.140000 1.190000 89 61
94.260000 7.300000 234 58
103.810000 -4.560000 219 68
100.430000 -3.990000 47 66
102.280000 -5.240000 62 75
103.620000 28.170000 196 58
97.970000 1.960000 13 65
97.880000 1.870000 37 69
109.120000 -8.490000 300 68
92.760000 4.250000 228 87
93.860000 3.150000 211 83
102.640000 -6.950000 42 69
104.120000 -6.340000 10 76
108.050000 -7.760000 353 77
96.940000 1.930000 54 57
94.650000 5.400000 30 74
94.450000 6.040000 51 52
97.260000 1.150000 49 67
97.240000 1.130000 63 69
104.620000 -6.220000 63 79
93.870000 12.870000 169 50
97.220000 1.050000 73 59
93.440000 3.950000 133 76
107.170000 -6.500000 219 49
103.950000 -6.020000 72 66
95.070000 4.780000 27 47
105.990000 -7.180000 323 71
97.920000 1.650000 77 47
100.140000 -3.830000 55 64
95.770000 2.720000 58 68
86.370000 27.740000 54 59
102.180000 -6.130000 80 70
103.200000 29.350000 285 88
102.790000 -4.760000 23 52
95.190000 25.020000 101 49
97.240000 1.340000 49 63
104.890000 28.350000 167 81
98.720000 -0.780000 38 63
96.790000 2.000000 62 72
93.380000 9.890000 100 41
102.660000 -4.460000 58 77
105.330000 -6.710000 296 52
102.480000 -5.680000 33 65
82.390000 28.900000 305 73
84.710000 28.150000 10 51
84.820000 28.220000 332 59
86.020000 27.770000 9 59
85.810000 27.770000 347 67
86.070000 27.810000 4 54
86.160000 27.620000 335 67
86.070000 27.560000 324 58
93.580000 14.010000 26 70
94.740000 4.990000 20 71
96.230000 19.080000 171 71
94.720000 5.060000 19 71
108.920000 -8.250000 225 50
95.120000 4.680000 66 69
107.220000 -8.040000 87 84
103.710000 -6.030000 36 71
103.640000 -6.080000 33 73
107.400000 -8.050000 40 46
100.300000 27.550000 200 81
98.040000 0.580000 238 54
94.860000 22.450000 280 56
106.020000 -6.950000 57 79
102.970000 -4.960000 357 75
81.650000 29.400000 335 69
107.020000 -8.370000 359 68
96.690000 2.070000 61 57
107.390000 -8.200000 358 72
102.190000 -4.170000 1 68
94.860000 23.100000 132 67
100.490000 -3.620000 29 67
96.210000 2.350000 72 63
104.630000 -5.030000 209 56
107.560000 -8.070000 297 68
101.270000 -3.330000 19 71
99.410000 -2.190000 50 60
97.410000 0.980000 54 63
102.300000 -4.510000 46 48
94.570000 21.510000 106 55
96.750000 2.010000 77 65
94.930000 21.310000 47 63
104.160000 -5.960000 80 72
94.700000 23.900000 110 53
94.570000 20.920000 75 52
100.180000 -2.910000 13 75
98.610000 0.550000 37 79
101.770000 -4.910000 56 64
102.750000 -4.430000 35 77
86.530000 27.800000 353 66
80.630000 29.980000 1 67
96.690000 3.490000 19 49
96.210000 5.300000 91 41
94.610000 5.410000 17 71
105.730000 29.470000 244 64
108.800000 -8.750000 6 70
100.350000 -1.720000 16 71
102.720000 -5.270000 23 74
94.560000 5.420000 16 70
104.830000 28.180000 181 61
107.390000 -7.520000 49 76
96.070000 5.300000 180 70
96.150000 5.250000 140 53
102.020000 -4.210000 4 73
102.190000 -6.260000 41 62
95.860000 3.640000 86 65
104.370000 -6.040000 97 58
99.630000 -2.160000 52 71
108.020000 -7.740000 353 77
105.980000 -7.410000 18 48
98.980000 2.750000 83 56
101.380000 -5.660000 47 58
102.240000 -2.670000 83 45
108.990000 -8.160000 16 77
101.620000 -3.770000 32 66
99.890000 -2.300000 63 75
99.690000 -1.160000 56 69
104.960000 -6.040000 78 70
93.110000 9.280000 140 56
93.160000 10.240000 55 66
102.100000 -3.370000 63 64
95.790000 -7.360000 47 43
104.610000 -6.510000 55 76
94.980000 29.830000 242 67
96.980000 1.370000 44 63
102.950000 -5.030000 5 74
106.820000 -7.880000 60 63
101.040000 -2.810000 18 71
94.900000 24.740000 278 72
96.070000 18.370000 172 74
93.160000 12.350000 111 46
96.150000 18.390000 180 82
105.940000 -7.410000 328 69
102.850000 -4.540000 41 78
103.890000 -6.530000 83 66
105.530000 -6.980000 37 74
96.160000 18.320000 197 77
96.140000 18.360000 179 74
104.910000 -6.340000 46 47
93.580000 7.550000 82 50
95.060000 4.570000 76 68
93.430000 9.520000 73 60
97.100000 1.390000 55 68
96.990000 27.180000 326 69
95.100000 24.600000 88 58
98.590000 -2.020000 50 62
98.690000 -1.950000 49 75
98.670000 -1.930000 56 62
98.640000 -1.930000 56 65
96.070000 18.270000 273 80
103.390000 -5.790000 93 66
99.840000 -1.690000 237 68
99.430000 -2.350000 49 63
99.470000 -2.290000 66 66
98.320000 0.630000 232 62
96.890000 0.820000 79 67
97.820000 4.560000 221 70
95.900000 3.880000 55 74
106.030000 -6.180000 64 50
101.820000 -3.760000 18 72
94.740000 4.990000 22 69
96.920000 27.200000 298 57
100.930000 -2.970000 10 63
101.520000 -3.530000 4 73
98.750000 -1.550000 21 74
94.560000 5.380000 19 73
99.680000 -2.450000 63 64
104.920000 28.190000 179 59
106.570000 -7.880000 348 74
101.280000 -3.390000 25 71
104.190000 -6.840000 46 75
100.010000 -2.830000 43 61
100.070000 -2.850000 38 57
100.130000 -2.880000 34 50
100.100000 -2.970000 51 59
98.040000 -0.430000 35 53
96.360000 27.330000 342 63
104.610000 29.470000 148 76
99.890000 -2.050000 42 73
97.830000 1.920000 21 70
98.780000 1.120000 75 43
94.560000 28.410000 16 48
102.140000 -4.270000 131 44
102.030000 -5.400000 45 70
97.720000 0.380000 43 55
97.740000 0.340000 34 50
108.950000 -8.200000 33 73
99.030000 -0.300000 358 76
104.870000 28.440000 177 73
104.990000 28.400000 179 70
104.810000 28.400000 170 76
104.840000 28.490000 166 79
87.110000 9.380000 215 72
92.830000 27.720000 285 60
92.800000 27.740000 330 53
106.140000 -6.980000 323 70
104.790000 -7.280000 34 65
99.390000 -0.740000 44 83
102.910000 -7.110000 60 58
102.940000 -7.220000 72 69
104.930000 29.530000 98 73
91.650000 10.980000 91 70
101.190000 -4.480000 34 53
101.130000 -4.430000 25 69
99.590000 -2.640000 45 55
99.860000 -2.380000 52 58
97.400000 0.830000 79 70
81.140000 29.320000 345 74
97.890000 -0.890000 64 57
106.690000 22.940000 79 67
106.730000 22.920000 125 80
100.940000 -2.970000 29 70
104.950000 29.610000 67 66
92.400000 7.070000 176 74
107.440000 -8.010000 25 76
96.360000 2.350000 50 54
99.900000 -1.910000 37 72
99.880000 -1.970000 58 66
103.120000 -3.950000 237 69
103.010000 -5.850000 25 64
94.030000 22.800000 241 46
