98.950000 24.570000 278 1
98.710000 24.530000 107 1
98.640000 24.340000 297 5
98.700000 24.780000 293 1
101.050000 27.600000 243 12
100.020000 0.450000 268 7
92.990000 21.750000 79 15
93.350000 23.480000 107 27
95.890000 3.510000 47 24
94.150000 6.340000 135 26
100.580000 20.510000 104 6
101.150000 27.640000 235 7
101.050000 23.040000 85 20
95.860000 16.600000 331 2
96.510000 14.560000 131 0
101.140000 23.160000 255 17
98.780000 0.540000 90 38
105.960000 -6.310000 31 28
103.640000 -5.960000 157 8
94.250000 1.190000 239 0
91.200000 6.390000 239 5
96.320000 25.210000 312 5
102.710000 -3.300000 94 8
88.870000 -3.390000 235 7
101.360000 27.810000 78 7
102.050000 -4.290000 8 40
97.560000 4.030000 296 10
93.830000 10.660000 120 45
88.750000 27.390000 68 25
85.460000 8.070000 296 10
96.620000 25.490000 162 12
99.350000 21.060000 295 29
101.350000 23.010000 98 8
100.290000 -1.010000 300 27
94.030000 6.940000 308 21
93.970000 7.120000 317 14
94.790000 5.680000 52 21
93.950000 7.430000 306 8
101.880000 21.920000 272 15
103.510000 -6.290000 306 15
90.620000 19.530000 103 12
105.810000 23.840000 256 15
103.000000 -6.650000 329 39
100.780000 -6.150000 239 7
107.760000 -7.240000 202 44
103.380000 21.720000 243 16
103.440000 21.770000 257 16
94.720000 25.070000 122 32
104.620000 -5.860000 321 37
96.060000 26.130000 144 44
99.150000 22.040000 305 24
93.520000 24.220000 116 28
104.250000 -5.810000 115 1
99.090000 1.730000 106 8
97.120000 26.660000 162 38
104.180000 -5.920000 297 1
94.640000 7.120000 101 15
104.380000 -6.370000 263 13
95.120000 11.430000 317 33
102.870000 25.900000 57 16
93.600000 8.430000 304 7
87.190000 18.340000 280 22
95.590000 5.740000 105 23
105.410000 -6.050000 276 16
97.740000 25.340000 333 19
104.210000 -5.780000 292 11
104.360000 -5.880000 298 11
104.280000 -6.030000 299 6
104.300000 -5.790000 97 4
86.530000 28.720000 96 20
94.180000 8.780000 301 2
92.920000 23.820000 90 10
91.170000 25.100000 302 27
94.280000 23.780000 352 23
95.270000 11.720000 129 11
100.240000 0.080000 290 13
96.390000 4.480000 78 25
95.150000 6.760000 139 8
107.380000 -7.090000 109 16
103.290000 -4.930000 95 22
99.020000 2.260000 281 16
99.060000 2.020000 286 14
94.180000 25.260000 294 6
83.650000 29.420000 300 26
84.410000 -0.770000 262 0
95.350000 3.970000 56 13
108.810000 -8.150000 198 39
91.520000 24.650000 103 16
103.050000 -4.430000 100 9
102.130000 -3.420000 80 16
103.110000 -5.880000 24 29
99.770000 22.810000 289 13
99.660000 23.100000 290 14
99.830000 22.740000 289 29
99.840000 22.750000 122 9
92.300000 6.350000 247 11
96.830000 26.180000 151 37
94.150000 7.620000 282 27
94.050000 7.590000 95 17
97.940000 21.730000 297 14
94.580000 25.050000 297 1
94.650000 6.980000 274 26
99.470000 23.510000 292 18
89.770000 21.860000 314 28
102.430000 20.620000 249 12
95.680000 5.030000 20 43
96.160000 4.900000 268 21
95.020000 20.700000 48 45
98.770000 20.290000 300 12
98.850000 20.270000 38 0
82.430000 -0.320000 254 0
95.030000 11.590000 124 2
95.190000 11.600000 125 7
105.860000 -6.830000 139 6
96.620000 25.560000 349 17
105.220000 -6.850000 264 7
94.350000 7.320000 288 10
93.980000 7.470000 141 12
92.280000 -2.200000 243 12
93.820000 12.190000 158 1
97.560000 3.950000 79 17
94.020000 8.230000 302 3
95.980000 23.480000 321 25
102.630000 -3.490000 58 30
93.450000 7.220000 73 31
95.700000 15.650000 328 2
93.610000 24.160000 116 16
95.160000 12.620000 332 2
96.310000 14.850000 325 2
94.110000 8.260000 297 3
94.580000 6.930000 278 18
94.670000 6.890000 281 5
94.710000 6.680000 279 28
105.670000 -6.820000 85 12
93.850000 23.910000 106 23
106.120000 -5.990000 221 41
92.860000 9.230000 90 14
98.850000 22.340000 308 1
98.860000 22.360000 301 11
101.950000 -2.020000 264 38
95.890000 23.990000 323 10
89.960000 20.980000 296 30
96.290000 18.880000 289 22
102.180000 -4.090000 63 43
93.490000 9.190000 101 33
101.060000 23.020000 275 2
105.390000 -7.700000 39 22
94.420000 23.150000 59 25
101.460000 25.420000 72 21
104.210000 -5.770000 108 13
104.240000 -5.050000 272 16
96.840000 26.190000 310 40
94.270000 7.600000 103 6
94.000000 21.490000 80 12
96.370000 17.870000 308 9
106.490000 -8.920000 17 7
93.920000 8.060000 300 6
96.700000 25.490000 350 10
95.720000 13.560000 330 1
109.410000 20.490000 229 27
109.150000 20.040000 220 13
102.760000 -5.860000 33 39
92.300000 27.610000 282 25
102.850000 22.700000 57 2
99.200000 22.000000 286 19
99.160000 21.930000 285 4
93.720000 8.880000 145 4
101.410000 -2.090000 281 9
98.660000 -6.420000 230 19
102.270000 26.000000 239 4
95.060000 1.850000 56 9
94.510000 6.970000 286 1
94.480000 7.130000 101 2
94.220000 8.270000 306 6
96.250000 25.170000 315 22
94.800000 21.310000 59 43
93.580000 -8.030000 224 0
95.170000 5.850000 273 33
108.720000 -9.300000 106 39
97.940000 3.440000 279 1
106.980000 -7.760000 200 0
95.010000 19.330000 51 29
93.690000 8.860000 317 3
94.460000 22.570000 112 30
92.250000 24.890000 300 18
103.850000 -6.040000 296 42
96.490000 4.360000 250 8
94.600000 6.450000 61 6
86.850000 -0.480000 245 3
96.610000 25.380000 347 7
93.620000 9.350000 75 42
93.130000 1.640000 62 7
95.310000 24.930000 92 32
93.960000 10.150000 323 4
104.790000 -6.540000 326 5
104.910000 -6.510000 325 3
94.360000 7.350000 104 12
94.310000 7.320000 102 5
99.560000 -1.680000 46 16
94.280000 7.560000 112 8
98.800000 -6.220000 45 7
101.030000 27.310000 257 1
101.940000 -4.800000 320 39
107.130000 -7.530000 62 18
108.720000 -8.240000 10 33
95.850000 4.930000 257 16
101.980000 -2.770000 272 38
87.280000 -4.000000 84 33
93.680000 24.910000 304 30
94.990000 11.780000 128 20
90.140000 3.690000 72 4
94.450000 4.800000 130 0
104.710000 -5.890000 32 35
96.230000 18.390000 130 3
93.830000 8.350000 151 31
103.320000 -4.030000 272 11
91.930000 26.260000 105 23
100.320000 1.280000 62 37
88.980000 -1.340000 238 2
88.900000 -1.300000 231 17
89.040000 -1.270000 246 8
94.310000 7.140000 278 13
101.160000 25.590000 250 7
101.060000 25.610000 252 4
101.290000 19.830000 288 10
89.080000 -1.350000 241 7
102.030000 -6.730000 45 15
106.380000 -8.700000 94 25
96.010000 4.740000 266 16
102.090000 -4.720000 60 42
102.830000 -5.520000 293 28
102.150000 -5.030000 59 27
102.840000 -5.650000 301 27
102.180000 -4.910000 64 17
102.180000 -5.190000 47 16
96.210000 4.250000 254 24
102.890000 -5.560000 28 7
105.420000 -6.760000 104 3
93.270000 4.080000 57 6
94.750000 5.770000 52 12
94.920000 4.170000 106 30
102.060000 -4.430000 49 13
95.460000 6.420000 330 10
102.100000 -4.960000 56 15
97.810000 24.380000 101 19
102.450000 -5.280000 99 14
102.680000 -6.080000 295 7
92.910000 21.690000 81 1
105.250000 -6.530000 104 21
103.770000 -5.910000 338 5
89.080000 -4.260000 221 0
93.960000 8.730000 115 5
94.010000 8.660000 303 5
99.060000 24.770000 288 1
98.940000 0.880000 67 36
101.000000 27.690000 233 1
102.840000 -4.330000 96 15
97.380000 -1.370000 29 43
101.420000 24.880000 90 28
93.350000 12.220000 129 37
94.770000 6.320000 99 13
102.000000 -5.100000 65 14
82.500000 0.890000 240 25
100.650000 26.320000 258 16
102.850000 -6.010000 290 33
105.210000 -6.310000 119 1
102.190000 -4.810000 74 20
102.150000 -5.270000 48 19
103.870000 -6.930000 96 38
103.750000 -7.070000 103 26
104.020000 -7.000000 272 2
107.360000 -7.370000 305 27
103.630000 -7.060000 123 0
95.700000 13.250000 143 11
96.210000 2.890000 97 30
94.070000 8.840000 283 18
95.550000 12.920000 332 25
93.850000 7.770000 135 9
94.200000 7.840000 102 1
102.570000 -3.860000 244 32
89.330000 27.260000 268 1
92.560000 12.520000 111 15
94.970000 12.010000 310 3
94.980000 12.640000 135 5
95.630000 12.560000 114 2
100.820000 -0.540000 45 43
101.290000 25.980000 65 3
93.530000 12.120000 121 38
95.610000 29.570000 290 5
95.900000 5.320000 244 35
97.650000 4.620000 321 37
95.670000 19.920000 326 19
101.250000 25.950000 243 1
93.740000 7.240000 103 42
93.140000 12.960000 184 41
104.130000 -5.690000 124 10
104.080000 -6.020000 128 13
101.190000 -5.560000 50 9
103.110000 -4.740000 299 35
94.000000 8.860000 113 12
94.020000 8.900000 110 4
93.910000 9.040000 106 15
105.620000 -6.800000 59 3
93.570000 7.310000 87 20
95.100000 11.050000 315 10
94.810000 -8.780000 56 39
103.870000 27.270000 21 4
101.900000 -3.250000 59 25
95.510000 29.770000 81 5
106.200000 -7.440000 143 22
93.500000 9.540000 107 39
108.620000 -8.840000 272 18
92.840000 13.530000 355 38
92.910000 13.590000 352 33
92.950000 13.710000 102 19
93.460000 6.250000 236 6
93.210000 6.000000 72 24
92.100000 8.020000 75 16
93.820000 9.300000 110 22
92.360000 8.970000 72 28
91.790000 7.060000 236 4
92.160000 6.390000 337 12
94.140000 7.660000 97 1
96.160000 5.110000 101 11
95.260000 4.690000 47 17
93.800000 9.940000 287 3
92.260000 8.300000 106 29
93.160000 10.060000 226 0
94.610000 3.710000 287 25
92.850000 13.850000 11 18
93.130000 13.740000 341 25
92.070000 7.860000 69 22
93.890000 9.440000 98 3
92.300000 5.100000 67 11
94.460000 7.340000 290 0
92.630000 9.030000 70 22
96.680000 4.600000 72 11
94.440000 4.010000 43 13
91.910000 6.940000 240 6
91.960000 6.970000 64 5
93.610000 10.800000 107 35
93.120000 14.100000 4 24
92.880000 3.540000 62 18
93.760000 9.640000 249 1
92.260000 11.870000 302 17
92.210000 11.850000 105 14
95.980000 2.710000 324 31
93.990000 8.110000 128 1
92.700000 3.550000 67 13
94.860000 4.910000 57 39
92.860000 13.560000 133 16
93.010000 13.640000 360 23
94.340000 2.710000 310 22
96.130000 4.700000 96 1
92.480000 7.330000 67 3
96.280000 3.240000 94 42
94.040000 8.250000 117 1
94.060000 8.020000 114 14
93.990000 7.940000 111 16
94.250000 7.870000 106 27
94.000000 7.830000 111 13
92.840000 13.280000 3 19
94.090000 7.960000 112 27
94.060000 7.940000 120 2
93.950000 7.830000 112 21
94.140000 7.900000 124 11
94.160000 7.910000 100 19
94.140000 7.970000 125 14
94.030000 7.910000 124 3
94.110000 7.950000 95 12
94.270000 7.950000 106 24
94.090000 7.930000 129 16
94.010000 7.850000 102 19
93.820000 8.060000 125 12
94.130000 7.960000 117 14
93.860000 7.530000 102 26
94.170000 7.940000 129 0
94.180000 7.980000 118 4
94.000000 8.020000 301 3
94.350000 7.910000 139 4
94.100000 7.990000 110 18
94.220000 7.830000 104 15
94.120000 7.790000 108 16
94.120000 7.870000 112 18
94.270000 7.940000 121 5
94.150000 7.990000 110 9
94.120000 7.980000 117 16
94.240000 7.690000 129 23
94.210000 7.960000 129 11
94.120000 7.710000 113 11
94.200000 8.080000 123 31
93.900000 7.990000 126 5
94.160000 7.990000 306 4
94.090000 7.880000 104 4
94.210000 7.600000 115 20
94.110000 7.860000 102 13
94.060000 7.970000 114 13
94.160000 8.180000 138 0
93.470000 9.700000 282 5
94.180000 7.800000 86 25
94.030000 8.120000 108 13
94.120000 8.090000 110 15
94.110000 7.790000 106 35
94.100000 7.890000 111 16
94.020000 7.720000 100 18
94.180000 7.910000 128 29
93.560000 7.810000 100 15
94.020000 7.820000 106 20
93.900000 7.900000 262 0
93.990000 7.900000 99 15
94.030000 7.910000 106 9
94.130000 7.970000 98 13
94.000000 7.860000 103 23
94.050000 8.060000 118 17
94.060000 7.900000 100 10
94.110000 7.990000 98 12
93.960000 7.740000 113 17
94.100000 7.800000 114 4
94.160000 7.930000 99 15
94.240000 7.840000 108 22
94.480000 8.360000 109 17
94.280000 7.810000 90 14
94.390000 7.910000 109 6
94.110000 8.020000 100 7
94.330000 8.290000 130 1
94.270000 8.170000 309 2
94.130000 7.680000 124 7
93.150000 13.780000 4 18
92.930000 13.150000 324 24
94.230000 8.080000 131 1
94.280000 8.220000 319 14
96.760000 4.050000 79 13
94.260000 7.980000 311 5
94.260000 8.170000 136 0
94.070000 7.930000 100 13
94.310000 8.320000 314 2
90.380000 6.430000 236 8
93.250000 5.620000 239 21
94.320000 7.880000 112 4
94.180000 8.110000 317 6
93.030000 5.510000 239 2
93.630000 14.850000 352 31
92.190000 1.820000 63 13
92.520000 24.550000 105 23
94.540000 24.430000 132 40
93.970000 8.110000 306 6
95.290000 2.330000 96 4
94.100000 7.830000 109 13
95.070000 2.290000 294 34
94.280000 7.410000 98 16
91.630000 9.730000 13 28
95.290000 26.080000 100 33
94.840000 25.480000 110 21
87.930000 28.260000 68 20
99.210000 1.780000 103 4
98.140000 0.200000 273 11
97.160000 1.110000 117 23
98.110000 0.320000 269 3
97.460000 0.810000 289 2
93.100000 2.430000 50 5
95.890000 2.800000 110 28
97.010000 1.890000 298 0
96.300000 2.410000 311 28
97.420000 0.610000 97 41
97.380000 0.680000 282 5
97.730000 -0.220000 301 33
96.850000 2.100000 104 34
99.940000 -1.770000 280 43
99.910000 -1.820000 279 23
97.040000 0.320000 65 6
96.380000 3.050000 292 0
91.690000 9.290000 6 39
94.870000 4.710000 46 16
93.270000 5.590000 237 20
97.300000 1.080000 108 39
93.210000 5.690000 68 24
103.170000 -4.730000 117 38
94.750000 3.190000 290 24
96.600000 2.120000 114 8
97.640000 0.080000 329 27
92.130000 7.700000 64 9
93.180000 3.670000 64 25
97.240000 1.260000 308 28
106.240000 -6.870000 296 43
91.960000 7.740000 71 22
97.270000 1.170000 300 28
103.290000 -6.220000 130 7
105.870000 -6.700000 77 4
96.270000 4.340000 304 9
93.140000 5.170000 65 14
92.190000 7.920000 253 14
92.010000 7.790000 63 18
93.000000 8.020000 85 13
97.020000 1.900000 310 44
95.620000 2.730000 302 14
92.330000 8.380000 73 12
103.040000 26.570000 208 11
94.130000 7.740000 104 15
97.600000 0.030000 309 33
97.610000 0.050000 327 41
97.560000 -0.010000 301 31
97.700000 0.080000 320 19
97.870000 0.070000 110 15
95.580000 5.230000 90 7
92.060000 7.900000 83 23
105.460000 -6.880000 119 12
103.060000 -5.830000 274 6
98.190000 0.790000 68 27
94.300000 4.030000 317 28
81.860000 29.730000 331 28
108.390000 9.960000 71 7
108.290000 9.970000 75 9
97.460000 0.790000 126 9
95.270000 3.400000 47 14
88.130000 -2.010000 82 26
96.200000 25.010000 328 12
97.110000 1.330000 118 33
95.930000 2.610000 105 40
91.710000 26.910000 276 8
94.530000 24.270000 113 17
93.850000 23.180000 97 7
97.220000 3.460000 107 25
93.240000 2.650000 67 13
96.500000 2.150000 325 41
95.990000 4.550000 29 22
97.100000 3.170000 270 13
97.050000 0.090000 49 15
99.580000 1.740000 78 24
91.800000 10.440000 16 24
91.930000 20.630000 288 2
93.600000 8.810000 78 0
107.240000 -9.540000 19 9
104.140000 28.000000 201 40
101.600000 -4.880000 46 39
96.190000 4.840000 93 7
95.580000 19.260000 319 1
92.710000 24.660000 112 34
98.010000 -9.490000 48 7
93.350000 22.100000 79 15
96.230000 4.860000 95 2
99.860000 0.630000 117 3
105.640000 -6.780000 44 44
98.200000 22.020000 316 13
95.290000 19.190000 23 40
89.690000 1.980000 67 13
109.670000 -9.990000 8 18
93.600000 8.360000 98 30
94.400000 6.180000 48 37
93.060000 10.290000 110 39
100.500000 -0.490000 105 2
100.550000 -0.480000 105 8
100.910000 -0.400000 104 11
86.780000 -3.390000 249 32
91.520000 9.200000 334 17
89.420000 -1.320000 57 18
96.150000 15.530000 320 4
99.270000 1.760000 95 7
94.480000 23.160000 90 24
100.750000 20.500000 279 7
88.240000 27.330000 65 19
95.550000 2.630000 320 29
93.860000 8.310000 83 20
101.050000 23.030000 108 35
101.160000 23.030000 102 15
99.780000 21.470000 285 12
99.910000 21.550000 289 12
103.860000 -5.850000 296 12
96.580000 25.430000 330 3
91.000000 6.690000 245 5
93.990000 14.290000 176 15
102.350000 -3.000000 290 10
100.070000 -1.570000 62 16
92.900000 2.540000 65 12
91.800000 9.700000 335 18
92.390000 22.150000 117 1
104.560000 -6.510000 302 19
99.470000 -0.550000 313 32
108.300000 9.990000 70 7
100.840000 -4.520000 292 16
95.660000 5.420000 98 36
102.020000 -5.160000 53 3
92.390000 3.800000 74 21
97.500000 24.550000 304 7
98.240000 0.110000 284 29
99.150000 1.640000 286 11
99.180000 1.720000 99 5
101.140000 -1.830000 343 10
99.790000 -1.070000 43 21
91.810000 11.040000 274 4
97.680000 25.040000 323 9
101.940000 26.270000 55 3
101.970000 26.230000 236 5
98.090000 0.490000 287 6
97.780000 24.870000 141 4
90.310000 29.740000 299 4
100.140000 -0.250000 51 27
94.080000 8.740000 114 12
93.980000 8.720000 111 13
93.400000 4.570000 35 4
82.050000 29.950000 97 9
94.760000 6.880000 217 35
95.900000 22.750000 315 13
97.570000 23.970000 309 14
96.040000 15.650000 328 8
100.040000 0.070000 63 25
106.150000 -6.960000 306 33
101.910000 -5.960000 53 9
97.650000 3.360000 80 16
100.330000 -1.050000 349 19
101.100000 25.630000 69 2
101.030000 25.670000 246 8
101.040000 25.660000 78 41
95.500000 -8.960000 45 6
92.820000 14.050000 122 0
96.620000 4.600000 74 4
99.970000 0.530000 310 1
101.500000 -2.520000 280 12
100.820000 25.960000 241 4
91.900000 8.080000 80 17
96.200000 4.690000 275 3
92.780000 13.630000 308 7
92.790000 13.620000 120 0
93.790000 3.030000 58 17
93.140000 4.630000 48 8
101.930000 25.560000 239 3
86.730000 28.410000 239 4
100.070000 21.400000 101 7
92.830000 13.670000 123 9
99.170000 1.860000 106 19
101.720000 -5.550000 60 15
91.850000 7.800000 89 14
105.170000 -6.640000 92 1
99.180000 24.860000 292 5
95.790000 4.780000 27 35
91.940000 7.880000 78 40
91.990000 7.780000 69 14
91.820000 7.400000 83 18
91.960000 7.700000 68 5
92.050000 7.760000 96 26
91.860000 7.590000 65 5
99.790000 -0.740000 51 42
93.260000 14.370000 326 2
94.970000 11.600000 309 7
90.660000 23.410000 106 15
94.060000 7.790000 109 4
95.740000 6.440000 342 8
103.420000 20.860000 79 14
90.410000 4.240000 66 16
108.190000 9.870000 64 11
97.970000 24.720000 288 11
99.840000 20.690000 295 11
99.770000 20.650000 304 21
99.880000 20.710000 329 28
99.080000 1.140000 58 36
100.110000 20.740000 101 10
95.760000 4.030000 28 17
101.760000 -7.720000 223 5
99.230000 1.860000 106 21
99.110000 1.840000 107 19
99.110000 1.850000 89 23
100.190000 -3.410000 283 20
98.790000 0.970000 75 33
98.730000 24.930000 116 4
88.140000 27.720000 82 4
96.170000 2.450000 56 17
103.790000 -7.160000 23 6
97.610000 25.200000 335 5
96.420000 4.550000 262 2
93.210000 2.430000 58 1
93.220000 2.440000 67 29
93.020000 2.730000 58 18
97.060000 4.200000 69 18
100.160000 -0.840000 37 37
93.060000 2.330000 243 13
92.460000 0.800000 62 3
89.560000 2.870000 95 36
89.680000 1.840000 58 25
93.440000 2.400000 81 26
92.750000 3.750000 61 16
91.810000 1.040000 81 29
91.040000 1.550000 85 32
89.940000 3.400000 52 9
92.150000 1.040000 84 33
92.240000 0.460000 72 29
90.270000 2.580000 240 6
90.900000 1.880000 103 14
92.420000 0.800000 52 3
92.240000 0.180000 69 27
90.860000 1.420000 70 31
91.750000 1.380000 85 28
93.950000 8.870000 114 1
91.720000 1.150000 103 22
93.940000 9.010000 111 13
89.790000 2.220000 66 31
93.730000 1.910000 244 5
92.380000 1.900000 63 25
89.600000 1.760000 86 14
93.330000 14.400000 307 5
92.960000 3.310000 85 17
92.620000 3.860000 72 27
89.720000 2.000000 64 20
86.710000 3.560000 91 24
87.910000 4.810000 97 25
92.680000 4.020000 53 11
92.890000 26.190000 292 10
89.420000 -3.350000 61 21
86.750000 4.250000 62 32
89.560000 2.710000 65 32
92.910000 3.360000 231 27
93.320000 14.420000 138 14
97.900000 3.010000 45 37
90.510000 2.630000 57 21
94.700000 25.590000 103 11
86.570000 3.050000 93 32
96.530000 25.350000 174 1
94.480000 25.420000 114 23
96.430000 25.000000 321 4
89.700000 1.980000 64 35
94.300000 22.930000 131 14
89.540000 1.760000 64 33
92.000000 -0.220000 64 34
92.890000 3.320000 233 16
92.060000 -0.170000 58 18
92.010000 -0.180000 63 26
92.990000 4.410000 60 15
104.010000 27.570000 199 39
92.850000 13.640000 122 14
90.120000 3.580000 68 3
98.820000 -0.060000 31 19
96.680000 25.460000 173 11
92.780000 6.110000 66 17
92.580000 1.470000 35 17
95.890000 23.000000 321 25
95.830000 22.720000 314 20
95.870000 23.130000 317 23
95.940000 22.900000 321 24
95.960000 22.990000 318 17
89.790000 2.450000 44 18
95.890000 23.110000 316 12
90.430000 2.420000 76 19
101.250000 -7.890000 62 17
95.910000 22.780000 322 26
86.460000 -3.230000 73 4
92.720000 0.700000 81 11
95.910000 4.930000 264 3
100.280000 -1.540000 185 15
103.080000 27.240000 55 11
101.710000 23.240000 86 43
95.980000 23.070000 319 10
90.350000 2.600000 55 39
91.550000 2.710000 79 17
92.400000 0.760000 59 2
87.410000 6.270000 80 36
93.510000 10.620000 122 45
96.670000 4.640000 260 0
96.650000 4.660000 85 11
96.710000 4.650000 59 15
98.990000 1.800000 102 13
95.960000 22.980000 320 16
95.900000 22.880000 316 12
95.960000 22.940000 318 21
102.870000 28.090000 221 16
90.450000 3.230000 70 18
95.970000 5.100000 84 3
89.660000 1.830000 57 23
93.640000 26.410000 280 37
90.100000 2.470000 108 7
90.070000 4.210000 55 6
92.820000 5.420000 56 18
96.250000 -0.560000 71 12
102.000000 -5.730000 61 26
93.080000 14.330000 148 4
96.230000 4.240000 52 28
105.430000 -6.960000 272 0
95.910000 23.000000 317 10
93.960000 23.840000 110 20
94.310000 7.760000 98 12
94.330000 7.740000 108 4
94.270000 7.540000 107 15
94.180000 7.500000 112 14
94.300000 7.450000 103 10
86.720000 4.190000 99 23
104.230000 -4.670000 87 11
91.600000 4.030000 78 25
99.670000 19.660000 292 6
99.600000 19.630000 113 7
99.630000 19.700000 115 2
99.470000 19.620000 110 2
102.070000 25.550000 223 2
88.030000 18.200000 277 7
97.840000 24.970000 289 5
102.990000 -6.590000 311 20
97.850000 25.000000 306 11
89.780000 2.020000 51 10
96.510000 4.440000 79 24
102.370000 -2.780000 27 45
104.820000 -6.980000 280 2
93.090000 14.360000 135 6
96.480000 4.530000 86 12
103.410000 27.190000 26 3
94.570000 24.590000 104 37
103.550000 28.120000 181 12
103.250000 -3.990000 92 21
93.250000 22.210000 342 11
100.540000 -0.670000 105 14
102.790000 28.400000 214 25
100.470000 23.380000 285 10
94.510000 7.610000 100 20
94.300000 7.390000 101 21
94.240000 7.560000 103 16
94.410000 7.530000 105 11
94.190000 7.490000 104 10
89.780000 2.200000 65 28
94.330000 7.420000 104 20
94.180000 7.220000 101 26
94.360000 7.580000 104 11
94.310000 7.460000 114 8
94.200000 7.450000 122 21
94.360000 7.610000 102 27
94.360000 7.480000 103 13
94.380000 7.450000 106 25
93.510000 23.510000 105 6
92.800000 12.530000 114 20
90.110000 3.470000 57 21
100.470000 23.340000 301 19
100.530000 23.360000 297 18
94.270000 7.450000 109 25
94.720000 6.950000 109 20
94.690000 24.200000 112 32
92.350000 13.230000 111 23
93.920000 24.000000 125 6
92.870000 2.930000 63 10
98.850000 23.570000 290 23
96.010000 4.760000 89 2
103.140000 25.320000 49 5
89.620000 1.950000 61 15
89.610000 1.750000 77 31
98.960000 1.890000 72 40
88.060000 26.860000 106 9
102.220000 -2.540000 74 34
98.960000 -3.900000 224 8
101.170000 -1.530000 109 13
90.400000 26.640000 98 17
95.030000 11.420000 132 1
93.320000 5.020000 238 39
94.550000 6.880000 101 5
94.720000 7.040000 104 29
94.610000 6.790000 106 14
94.480000 6.770000 103 7
94.770000 7.120000 91 19
94.440000 6.680000 104 15
94.460000 6.880000 104 25
94.650000 6.840000 99 5
94.530000 6.980000 108 19
94.920000 6.490000 290 2
94.740000 6.510000 99 15
94.800000 6.380000 100 14
94.530000 6.830000 90 13
93.650000 24.810000 306 37
92.270000 0.450000 78 23
106.960000 -7.320000 52 36
94.330000 -4.950000 230 2
94.410000 -4.790000 58 30
94.570000 -4.860000 54 29
94.420000 -4.190000 55 17
94.400000 -4.500000 57 31
102.320000 -2.810000 43 17
97.970000 0.450000 276 2
94.370000 -4.510000 46 7
102.570000 -7.030000 215 9
89.470000 2.920000 251 13
91.500000 11.350000 95 14
92.500000 3.850000 71 26
92.640000 3.830000 74 28
92.540000 3.820000 72 22
99.490000 26.050000 248 5
100.090000 0.030000 120 7
101.220000 -6.760000 49 1
91.710000 10.160000 26 1
94.380000 8.390000 122 17
94.250000 8.360000 123 19
94.600000 22.900000 126 41
104.840000 -8.110000 34 14
96.170000 5.280000 280 10
92.020000 24.010000 289 1
94.500000 23.320000 87 20
98.480000 3.310000 64 9
103.430000 27.300000 205 13
93.480000 24.040000 294 36
94.670000 25.190000 298 13
103.570000 27.200000 202 6
96.000000 17.400000 322 6
92.300000 6.150000 65 8
99.920000 25.870000 276 4
99.840000 25.940000 273 4
93.050000 14.460000 117 24
83.160000 -7.350000 78 9
100.150000 20.710000 100 6
104.910000 28.160000 44 11
95.050000 11.490000 131 3
97.280000 4.210000 63 23
102.750000 -5.540000 53 38
106.260000 -8.320000 38 35
93.620000 24.320000 119 21
92.460000 0.590000 91 29
106.390000 -5.930000 241 34
102.170000 -3.110000 89 11
108.170000 -7.490000 17 35
94.400000 22.060000 94 37
92.170000 7.130000 70 6
105.960000 -7.090000 282 37
96.190000 4.750000 95 1
98.860000 2.070000 105 3
98.750000 1.000000 99 28
98.740000 1.000000 98 30
95.940000 19.830000 133 15
99.000000 2.000000 80 27
87.060000 -3.100000 242 12
94.610000 22.960000 103 37
94.450000 7.320000 109 12
100.770000 -0.970000 104 7
91.770000 7.420000 75 10
102.910000 24.300000 62 22
93.220000 14.070000 344 25
102.870000 24.190000 69 16
101.580000 23.330000 82 6
90.160000 26.370000 111 15
102.390000 -5.280000 41 32
94.180000 7.060000 66 41
96.130000 4.690000 94 7
102.220000 27.790000 47 5
93.390000 23.970000 113 16
98.780000 29.740000 174 9
105.010000 28.300000 34 3
101.770000 21.330000 281 15
99.070000 1.700000 103 11
96.330000 24.810000 348 5
94.370000 7.400000 224 35
85.730000 14.400000 277 43
101.770000 -6.570000 55 3
99.610000 19.190000 303 21
101.580000 -1.320000 44 11
90.280000 -3.280000 60 9
101.970000 -3.120000 58 36
94.310000 7.780000 113 13
94.250000 7.850000 108 6
94.360000 7.810000 103 10
94.330000 7.650000 109 8
94.310000 7.670000 112 22
94.450000 7.620000 111 8
94.320000 7.610000 116 7
94.200000 7.460000 110 8
94.300000 7.540000 121 9
94.260000 7.700000 289 3
94.210000 7.570000 294 2
94.220000 7.570000 132 11
94.390000 7.540000 114 5
94.270000 7.520000 124 10
94.340000 7.580000 87 11
94.420000 25.450000 300 21
94.340000 7.670000 114 5
94.250000 7.640000 110 6
94.200000 7.620000 110 2
94.410000 7.420000 100 2
94.380000 7.360000 107 2
94.370000 7.590000 116 7
94.370000 7.620000 101 8
95.720000 26.230000 142 38
92.670000 3.800000 57 9
103.600000 28.140000 214 6
94.310000 7.600000 116 7
97.1918 1.1677 2 9
104.930000 28.400000 342 1
92.710000 12.120000 114 2
96.9262 1.2363 36 22
100.730000 26.260000 253 4
93.240000 13.100000 334 22
95.520000 22.740000 324 17
102.270000 -6.020000 57 19
92.710000 3.520000 44 15
94.520000 7.210000 103 3
94.860000 7.280000 105 8
101.250000 19.440000 297 21
101.360000 19.450000 294 14
92.480000 2.400000 57 24
94.940000 19.230000 36 42
96.040000 23.180000 322 22
99.110000 1.800000 103 19
96.100000 24.420000 327 19
99.600000 1.230000 318 7
