97.070000 26.680000 233 .35
99.860000 1.580000 2 .35
101.980000 -4.440000 222 .35
98.680000 0.670000 242 .35
101.490000 -3.100000 229 .35
102.230000 -4.600000 237 .35
107.640000 -8.170000 56 .35
107.570000 -7.760000 201 .35
107.090000 -6.570000 281 .35
102.020000 -4.350000 203 .35
93.020000 12.800000 39 .35
93.070000 12.860000 72 .35
102.890000 -4.230000 229 .35
94.720000 23.090000 241 .35
103.970000 -5.850000 248 .35
102.810000 -5.120000 248 .35
102.360000 -5.060000 221 .35
84.280000 -0.910000 334 .35
102.410000 -4.020000 238 .35
93.690000 20.890000 3 .35
101.250000 -4.080000 249 .35
96.330000 5.230000 319 .35
98.130000 -1.240000 202 .35
98.220000 -1.210000 220 .35
98.250000 -0.390000 178 .35
100.960000 -1.080000 17 .35
94.720000 24.500000 19 .35
94.410000 7.310000 325 .35
95.260000 24.900000 314 .35
98.760000 -4.430000 157 .35
102.320000 -6.370000 275 .35
108.860000 -8.710000 172 .35
103.040000 -5.710000 229 .35
106.040000 -7.210000 207 .35
108.250000 -7.660000 290 .35
102.020000 -4.440000 236 .35
97.040000 27.090000 29 .35
92.610000 6.700000 218 .35
100.100000 0.610000 7 .35
103.170000 -5.590000 343 .35
108.790000 -8.080000 281 .35
101.200000 -2.790000 235 .35
81.260000 29.330000 188 .35
81.090000 29.600000 200 .35
94.700000 15.870000 24 .35
102.410000 -5.130000 214 .35
103.120000 -5.370000 225 .35
93.900000 22.720000 118 .35
97.310000 0.150000 196 .35
98.070000 2.060000 211 .35
102.910000 -5.430000 219 .35
102.930000 -5.420000 161 .35
95.380000 24.940000 45 .35
94.590000 22.960000 157 .35
95.130000 22.490000 277 .35
106.460000 -8.810000 241 .35
92.910000 12.140000 19 .35
100.590000 -1.530000 237 .35
102.420000 -6.180000 291 .35
97.780000 4.400000 210 .35
101.920000 -4.600000 229 .35
97.020000 2.480000 191 .35
86.350000 18.660000 235 .35
103.160000 -4.740000 232 .35
103.050000 -4.740000 257 .35
108.650000 -7.450000 293 .35
107.190000 -8.090000 191 .35
92.990000 11.690000 178 .35
101.260000 -3.160000 189 .35
102.990000 -6.750000 235 .35
93.640000 12.950000 201 .35
94.810000 5.730000 117 .35
99.070000 14.950000 355 .35
99.080000 14.930000 40 .35
99.600000 -1.810000 225 .35
103.230000 -4.730000 263 .35
94.780000 5.720000 353 .35
105.630000 -6.750000 171 .35
87.490000 3.250000 42 .35
95.200000 24.570000 207 .35
103.540000 -4.660000 142 .35
103.170000 -5.830000 258 .35
104.030000 -6.360000 235 .35
102.450000 -5.080000 263 .35
103.570000 -7.130000 269 .35
94.650000 24.500000 24 .35
106.910000 -7.710000 225 .35
105.340000 -6.630000 126 .35
100.030000 -1.020000 240 .35
98.920000 0.990000 34 .35
98.040000 0.190000 244 .35
107.970000 -7.940000 186 .35
92.840000 24.600000 262 .35
98.830000 1.640000 17 .35
104.540000 -5.900000 162 .35
105.470000 -6.620000 207 .35
96.050000 26.180000 234 .35
107.980000 -7.720000 170 .35
95.130000 29.160000 86 .35
107.100000 -6.890000 164 .35
104.240000 -6.240000 207 .35
99.900000 -0.850000 243 .35
94.570000 22.890000 357 .35
95.000000 4.400000 331 .35
106.450000 -7.320000 318 .35
93.510000 9.090000 28 .35
98.040000 2.050000 255 .35
93.360000 13.050000 242 .35
96.290000 26.760000 298 .35
102.700000 -4.290000 190 .35
105.440000 -6.520000 245 .35
102.060000 -4.610000 224 .35
104.900000 -6.270000 169 .35
94.440000 23.060000 45 .35
105.260000 -7.910000 247 .35
104.260000 -5.760000 170 .35
99.120000 0.960000 342 .35
102.750000 -4.500000 184 .35
93.460000 11.030000 35 .35
94.480000 4.660000 51 .35
98.230000 -1.110000 240 .35
103.380000 -4.640000 224 .35
95.120000 25.140000 194 .35
100.750000 -1.340000 309 .35
95.160000 25.330000 217 .35
107.190000 -7.740000 38 .35
86.610000 26.780000 140 .35
95.140000 25.310000 337 .35
101.920000 -5.010000 163 .35
85.540000 27.700000 219 .35
99.420000 23.380000 32 .35
97.160000 1.870000 259 .35
102.890000 -5.520000 220 .35
92.370000 24.360000 201 .35
101.470000 -4.290000 187 .35
101.430000 -4.220000 225 .35
101.390000 -4.210000 234 .35
102.990000 -5.470000 205 .35
101.390000 -4.180000 204 .35
87.000000 -3.880000 194 .35
102.030000 -4.470000 200 .35
94.580000 22.800000 21 .35
96.150000 2.710000 255 .35
102.760000 -5.060000 227 .35
92.210000 -8.550000 169 .35
102.930000 -4.430000 243 .35
106.530000 -8.750000 334 .35
95.280000 24.750000 50 .35
96.100000 3.850000 223 .35
109.070000 -8.110000 213 .35
108.110000 -6.930000 8 .35
95.330000 3.740000 81 .35
105.320000 -6.550000 205 .35
98.410000 -0.440000 240 .35
102.400000 -3.960000 195 .35
100.930000 -3.470000 202 .35
108.860000 -8.660000 198 .35
97.190000 3.730000 355 .35
97.380000 3.910000 357 .35
98.710000 0.590000 217 .35
84.610000 -2.860000 318 .35
102.360000 -3.980000 200 .35
82.810000 -3.420000 311 .35
103.910000 -6.010000 146 .35
102.510000 -5.490000 151 .35
104.860000 -6.010000 172 .35
99.920000 -1.120000 246 .35
93.850000 12.480000 7 .35
95.420000 3.800000 30 .35
102.880000 -4.240000 175 .35
102.070000 -3.610000 168 .35
93.090000 24.670000 168 .35
103.180000 -4.920000 182 .35
86.980000 9.270000 206 .35
109.120000 -7.150000 96 .35
103.150000 -5.770000 208 .35
103.220000 -5.680000 166 .35
95.240000 24.820000 182 .35
104.570000 -4.300000 294 .35
94.910000 24.300000 191 .35
103.070000 -5.410000 217 .35
103.020000 -5.500000 252 .35
104.350000 -6.110000 256 .35
103.010000 -5.360000 184 .35
102.860000 -5.570000 243 .35
101.820000 -3.070000 307 .35
84.960000 -3.070000 0 .35
93.620000 11.620000 281 .35
106.950000 -8.110000 157 .35
102.990000 -5.790000 142 .35
101.960000 -4.860000 223 .35
102.400000 -4.070000 188 .35
99.680000 -1.620000 222 .35
94.720000 6.530000 193 .35
102.600000 -4.320000 115 .35
96.160000 2.940000 216 .35
102.900000 -5.240000 182 .35
92.510000 11.790000 254 .35
98.020000 1.920000 182 .35
106.130000 -7.090000 177 .35
98.680000 -0.560000 195 .35
103.740000 -4.820000 336 .35
99.810000 -2.010000 181 .35
99.800000 -2.000000 211 .35
99.720000 -2.060000 209 .35
99.580000 -2.070000 164 .35
99.540000 -1.860000 166 .35
104.440000 -5.800000 165 .35
109.060000 -8.000000 165 .35
107.550000 -5.920000 225 .35
101.470000 -3.140000 177 .35
95.220000 24.720000 21 .35
104.930000 -6.210000 183 .35
96.270000 3.030000 186 .35
97.620000 4.220000 127 .35
104.600000 -5.900000 167 .35
103.850000 29.090000 308 .35
106.570000 -7.310000 225 .35
95.870000 3.000000 209 .35
105.080000 -6.400000 109 .35
95.330000 25.010000 188 .35
95.140000 25.260000 52 .35
96.210000 2.980000 230 .35
103.940000 -5.700000 172 .35
106.290000 -6.980000 221 .35
103.230000 -4.930000 217 .35
95.940000 3.090000 195 .35
101.930000 -4.540000 219 .35
102.820000 -4.270000 191 .35
99.680000 -2.020000 199 .35
99.620000 -1.960000 206 .35
96.070000 2.780000 234 .35
92.640000 24.500000 12 .35
107.490000 -7.940000 207 .35
103.190000 -4.740000 196 .35
104.100000 -6.230000 211 .35
80.530000 29.840000 189 .35
105.510000 -6.610000 208 .35
102.140000 -3.370000 115 .35
101.550000 -3.150000 215 .35
99.740000 -1.870000 199 .35
80.040000 23.080000 193 .35
97.600000 1.070000 179 .35
97.600000 1.070000 204 .35
94.880000 21.820000 118 .35
93.160000 23.890000 240 .35
99.910000 -1.970000 196 .35
102.840000 -4.450000 242 .35
104.010000 -6.380000 219 .35
103.190000 -4.960000 199 .35
94.200000 6.880000 27 .35
92.700000 22.210000 73 .35
99.260000 -0.540000 230 .35
99.480000 -2.230000 239 .35
99.630000 -2.190000 218 .35
104.060000 -6.310000 181 .35
102.190000 -4.250000 183 .35
103.070000 -4.690000 217 .35
107.200000 -7.580000 174 .35
106.950000 -7.770000 95 .35
92.810000 27.770000 143 .35
106.870000 -6.380000 275 .35
92.510000 11.050000 231 .35
102.960000 -5.160000 222 .35
104.260000 -5.900000 197 .35
107.860000 -7.610000 327 .35
103.030000 -4.480000 157 .35
101.960000 -4.760000 215 .35
99.230000 -0.240000 222 .35
104.720000 -6.470000 181 .35
103.860000 -5.970000 171 .35
104.220000 -6.190000 193 .35
96.040000 3.370000 147 .35
107.560000 -5.810000 209 .35
102.370000 -4.140000 193 .35
102.940000 -5.300000 347 .35
102.660000 -4.080000 175 .35
102.190000 -5.410000 173 .35
106.460000 -6.320000 151 .35
106.140000 -6.580000 319 .35
102.090000 -6.010000 171 .35
107.090000 -7.090000 332 .35
97.210000 4.570000 185 .35
106.610000 -8.950000 182 .35
103.080000 -4.740000 318 .35
109.590000 -9.190000 204 .35
98.040000 2.010000 304 .35
98.000000 -0.850000 216 .35
102.660000 -4.910000 210 .35
106.660000 -7.360000 169 .35
102.010000 -4.140000 190 .35
102.129 -4.405 312 .35
102.690000 -5.000000 204 .35
102.700000 -5.090000 214 .35
97.240000 26.860000 200 .35
101.900000 -4.610000 268 .35
97.020000 26.590000 36 .35
102.750000 -5.330000 226 .35
102.760000 -5.360000 205 .35
102.050000 -4.480000 310 .35
101.490000 -5.540000 152 .35
102.730000 -4.820000 172 .35
94.690000 24.510000 43 .35
101.970000 -4.630000 236 .35
103.760000 -4.470000 144 .35
102.370000 -4.070000 222 .35
102.690000 -6.030000 209 .35
102.710000 -5.200000 234 .35
96.590000 1.440000 218 .35
101.820000 -5.430000 240 .35
107.880000 -6.650000 241 .35
92.950000 10.000000 94 .35
94.860000 23.870000 253 .35
92.860000 9.980000 84 .35
105.630000 -6.550000 209 .35
92.980000 9.940000 103 .35
102.600000 -4.860000 204 .35
108.890000 -8.700000 162 .35
101.780000 -4.020000 231 .35
101.600000 -4.190000 235 .35
101.750000 -4.050000 221 .35
99.250000 -0.200000 331 .35
102.560000 -4.680000 225 .35
102.490000 -5.160000 227 .35
102.760000 -4.780000 223 .35
102.740000 -4.780000 234 .35
102.730000 -5.090000 178 .35
102.450000 -4.900000 237 .35
97.680000 0.340000 182 .35
102.190000 -5.360000 205 .35
106.120000 -7.210000 203 .35
102.630000 -4.890000 222 .35
101.630000 -4.190000 238 .35
102.200000 -4.380000 342 .35
95.040000 24.630000 278 .35
106.490000 -9.180000 61 .35
101.080000 -3.630000 209 .35
93.530000 12.280000 200 .35
97.780000 0.410000 217 .35
107.210000 -7.740000 318 .35
98.540000 0.290000 314 .35
94.990000 24.430000 195 .35
80.210000 11.960000 191 .35
81.750000 29.610000 167 .35
81.750000 29.550000 190 .35
101.900000 -4.760000 206 .35
97.920000 1.950000 167 .35
101.440000 -4.040000 248 .35
102.340000 -5.630000 227 .35
95.630000 3.490000 178 .35
95.610000 3.510000 221 .35
95.660000 3.540000 28 .35
95.660000 3.530000 34 .35
95.680000 3.480000 321 .35
104.590000 -5.880000 218 .35
101.380000 -4.120000 240 .35
98.680000 -0.500000 215 .35
103.130000 -4.800000 301 .35
107.870000 -7.640000 201 .35
102.060000 -5.820000 198 .35
101.700000 -5.840000 174 .35
102.560000 -2.340000 201 .35
104.180000 -6.960000 215 .35
103.990000 -6.980000 86 .35
84.79 27.11 344 .35
87.93 28.21 354 .35
104.600000 -6.350000 179 .35
93.430000 8.340000 32 .35
105.710000 -6.750000 191 .35
104.880000 -6.200000 196 .35
93.070000 13.040000 122 .35
93.160000 13.060000 116 .35
93.170000 13.110000 234 .35
101.380000 -3.250000 221 .35
103.030000 -5.860000 242 .35
94.420000 6.030000 107 .35
96.080000 2.820000 207 .35
96.390000 2.950000 213 .35
104.570000 -5.650000 249 .35
96.090000 3.010000 207 .35
102.180000 -4.210000 298 .35
104.040000 -5.650000 220 .35
105.640000 -6.610000 251 .35
98.600000 0.540000 237 .35
97.960000 0.200000 248 .35
95.240000 19.890000 308 .35
103.680000 -5.510000 221 .35
95.430000 4.000000 103 .35
101.200000 -2.730000 224 .35
103.210000 -4.680000 206 .35
103.680000 -7.020000 213 .35
103.690000 -7.030000 207 .35
107.320000 -8.060000 167 .35
108.370000 -9.530000 195 .35
95.760000 2.770000 149 .35
102.060000 -3.640000 228 .35
93.600000 6.680000 275 .35
92.310000 22.850000 248 .35
92.340000 22.830000 272 .35
102.120000 -5.640000 220 .35
96.820000 2.080000 215 .35
96.070000 2.590000 157 .35
102.840000 -4.440000 194 .35
103.570000 -5.630000 192 .35
103.250000 -4.820000 217 .35
103.770000 -6.100000 236 .35
95.740000 19.810000 31 .35
102.630000 -4.070000 215 .35
93.250000 13.040000 264 .35
106.270000 -6.960000 201 .35
95.700000 19.850000 46 .35
102.810000 -5.560000 186 .35
102.030000 -5.800000 5 .35
94.710000 4.150000 40 .35
105.870000 -8.570000 228 .35
100.650000 -0.470000 43 .35
102.330000 -6.160000 272 .35
102.220000 -6.130000 241 .35
104.530000 -5.800000 214 .35
101.940000 -5.110000 266 .35
105.440000 -6.650000 228 .35
100.540000 -1.550000 234 .35
93.220000 13.110000 269 .35
102.720000 -5.210000 133 .35
102.200000 -4.280000 226 .35
93.190000 13.090000 271 .35
106.180000 -6.940000 231 .35
97.820000 0.410000 232 .35
102.650000 -5.230000 231 .35
97.220000 27.100000 249 .35
103.910000 -6.160000 197 .35
97.380000 1.290000 177 .35
102.850000 -4.340000 186 .35
95.670000 -6.240000 288 .35
109.790000 -8.290000 260 .35
98.730000 0.110000 229 .35
107.960000 -7.750000 191 .35
97.910000 0.190000 224 .35
94.300000 24.300000 49 .35
103.100000 -4.890000 230 .35
101.920000 -4.890000 229 .35
103.210000 -4.910000 220 .35
102.870000 -6.960000 232 .35
97.930000 1.980000 245 .35
99.340000 -2.070000 218 .35
100.620000 -3.090000 267 .35
92.540000 24.760000 153 .35
95.780000 3.300000 239 .35
92.960000 6.910000 261 .35
92.380000 8.880000 243 .35
93.740000 8.860000 182 .35
94.470000 2.780000 217 .35
94.090000 3.650000 6 .35
94.160000 2.790000 252 .35
94.470000 5.480000 228 .35
94.890000 3.350000 198 .35
92.580000 6.760000 260 .35
93.480000 7.940000 193 .35
94.510000 2.710000 215 .35
94.610000 5.520000 224 .35
93.280000 6.480000 262 .35
94.650000 5.350000 230 .35
92.640000 7.710000 236 .35
95.110000 4.720000 220 .35
94.630000 2.750000 221 .35
95.610000 2.930000 65 .35
93.870000 3.350000 32 .35
92.650000 8.740000 246 .35
92.810000 6.820000 181 .35
92.350000 10.550000 292 .35
95.210000 4.730000 214 .35
93.000000 6.700000 11 .35
93.760000 3.370000 52 .35
93.000000 6.720000 204 .35
93.160000 8.380000 228 .35
93.140000 9.360000 323 .35
94.900000 5.140000 305 .35
95.570000 2.800000 201 .35
93.880000 3.110000 66 .35
94.660000 5.450000 240 .35
94.280000 5.530000 233 .35
94.400000 5.770000 165 .35
94.300000 5.530000 240 .35
92.510000 12.240000 299 .35
94.390000 2.700000 244 .35
94.540000 5.290000 240 .35
94.490000 5.350000 234 .35
92.530000 7.120000 229 .35
95.190000 4.320000 155 .35
93.280000 5.900000 82 .35
94.830000 5.030000 234 .35
92.910000 6.200000 269 .35
95.270000 3.170000 34 .35
94.860000 5.110000 226 .35
95.140000 4.730000 236 .35
95.620000 2.910000 208 .35
94.400000 5.470000 245 .35
94.810000 4.930000 247 .35
93.220000 8.110000 218 .35
92.700000 7.140000 200 .35
92.760000 7.190000 211 .35
96.490000 3.180000 199 .35
95.460000 3.240000 33 .35
94.460000 5.390000 259 .35
92.790000 6.360000 248 .35
94.340000 5.350000 281 .35
92.220000 10.580000 270 .35
92.360000 10.670000 275 .35
93.070000 6.500000 166 .35
94.790000 4.920000 226 .35
94.600000 5.120000 233 .35
91.730000 10.560000 269 .35
93.650000 3.530000 69 .35
93.030000 6.720000 215 .35
94.760000 5.590000 239 .35
94.390000 5.490000 236 .35
94.830000 5.320000 237 .35
91.910000 10.630000 285 .35
94.780000 4.870000 325 .35
92.400000 7.590000 223 .35
95.110000 4.930000 221 .35
92.280000 10.530000 282 .35
95.440000 2.900000 223 .35
94.790000 5.060000 226 .35
94.620000 5.550000 234 .35
94.740000 5.120000 248 .35
94.380000 5.620000 266 .35
93.250000 8.860000 187 .35
95.200000 4.800000 213 .35
93.920000 3.130000 216 .35
105.240000 -6.460000 219 .35
95.920000 3.870000 210 .35
92.020000 10.620000 296 .35
94.700000 22.970000 181 .35
97.200000 1.220000 226 .35
94.140000 3.630000 25 .35
94.090000 3.600000 30 .35
94.160000 3.580000 43 .35
94.390000 2.600000 193 .35
94.810000 4.750000 226 .35
94.670000 5.450000 224 .35
94.600000 2.700000 210 .35
94.330000 5.340000 254 .35
91.780000 10.780000 85 .35
94.310000 5.510000 239 .35
94.710000 5.070000 218 .35
93.000000 13.100000 28 .35
93.700000 3.330000 235 .35
93.750000 3.320000 35 .35
94.320000 5.510000 226 .35
94.560000 5.180000 232 .35
94.230000 2.800000 39 .35
94.500000 5.270000 244 .35
92.840000 6.830000 262 .35
95.750000 2.720000 169 .35
94.990000 2.260000 28 .35
93.580000 13.850000 292 .35
95.800000 19.820000 39 .35
95.160000 2.280000 168 .35
92.620000 6.800000 244 .35
95.120000 4.800000 220 .35
94.790000 5.080000 233 .35
94.800000 5.070000 233 .35
98.730000 -0.130000 99 .35
95.160000 4.700000 212 .35
94.420000 5.450000 237 .35
101.610000 -5.640000 238 .35
94.330000 5.230000 255 .35
92.210000 11.400000 313 .35
93.750000 3.260000 69 .35
91.770000 10.830000 255 .35
95.460000 2.880000 205 .35
95.730000 2.890000 187 .35
94.260000 2.740000 208 .35
95.590000 2.910000 204 .35
101.540000 -5.610000 233 .35
91.830000 9.310000 222 .35
93.060000 9.400000 272 .35
94.690000 5.480000 219 .35
92.970000 11.550000 27 .35
94.600000 5.490000 244 .35
93.150000 9.440000 272 .35
94.430000 5.440000 259 .35
102.750000 -5.640000 219 .35
95.090000 4.860000 223 .35
95.670000 4.000000 211 .35
92.570000 12.310000 287 .35
94.370000 5.490000 238 .35
97.110000 2.090000 243 .35
96.580000 2.650000 212 .35
97.260000 1.080000 206 .35
97.760000 1.800000 231 .35
97.330000 2.350000 189 .35
97.320000 1.070000 230 .35
97.100000 1.770000 213 .35
96.940000 1.890000 189 .35
97.720000 0.180000 234 .35
97.240000 2.530000 216 .35
95.410000 2.990000 208 .35
95.420000 2.930000 213 .35
97.170000 1.250000 244 .35
94.370000 5.440000 258 .35
97.160000 1.230000 259 .35
96.720000 2.110000 214 .35
97.070000 1.860000 181 .35
97.190000 1.310000 237 .35
97.120000 1.700000 227 .35
94.580000 5.110000 243 .35
97.210000 1.320000 235 .35
97.740000 0.350000 221 .35
97.090000 1.360000 259 .35
96.370000 2.290000 247 .35
96.690000 2.170000 211 .35
97.090000 2.700000 221 .35
97.240000 1.130000 207 .35
99.840000 -1.730000 258 .35
98.320000 0.370000 235 .35
97.940000 2.020000 239 .35
97.140000 1.170000 241 .35
96.280000 2.970000 120 .35
96.750000 2.090000 215 .35
97.410000 1.030000 277 .35
97.870000 1.610000 239 .35
97.150000 1.280000 247 .35
97.860000 1.970000 250 .35
94.330000 5.260000 221 .35
96.330000 2.190000 277 .35
102.420000 -3.980000 245 .35
96.770000 2.070000 224 .35
97.240000 1.200000 248 .35
97.440000 0.560000 24 .35
97.160000 1.350000 222 .35
97.200000 1.310000 227 .35
99.420000 -1.570000 59 .35
97.160000 1.400000 236 .35
97.270000 1.100000 263 .35
92.230000 10.570000 326 .35
99.610000 -1.640000 52 .35
99.780000 -1.710000 0 .35
99.720000 -1.710000 57 .35
99.640000 -1.630000 207 .35
99.930000 -1.780000 353 .35
99.640000 -1.620000 201 .35
99.620000 -1.650000 45 .35
99.780000 -1.830000 222 .35
99.720000 -1.590000 45 .35
99.800000 -1.700000 194 .35
99.800000 -1.640000 358 .35
99.790000 -1.750000 181 .35
99.560000 -1.540000 60 .35
103.790000 -6.230000 219 .35
99.660000 -1.690000 256 .35
96.760000 2.170000 218 .35
96.830000 2.080000 220 .35
99.730000 -1.730000 232 .35
99.690000 -1.740000 236 .35
99.850000 -1.760000 22 .35
99.450000 -1.590000 43 .35
99.800000 -1.760000 16 .35
99.850000 -1.710000 28 .35
93.700000 3.370000 39 .35
99.880000 -1.710000 245 .35
99.950000 -1.910000 232 .35
104.750000 -6.080000 194 .35
96.330000 2.930000 101 .35
97.110000 1.100000 226 .35
97.660000 1.810000 254 .35
99.560000 -1.620000 49 .35
99.620000 -1.630000 238 .35
97.490000 0.930000 240 .35
96.300000 2.360000 223 .35
95.990000 2.750000 205 .35
96.310000 2.370000 231 .35
97.250000 1.080000 208 .35
94.070000 3.030000 233 .35
97.020000 2.290000 187 .35
97.170000 1.360000 237 .35
93.170000 4.290000 230 .35
96.800000 2.130000 211 .35
97.130000 1.970000 225 .35
99.300000 -1.660000 252 .35
99.860000 -1.620000 337 .35
97.090000 1.300000 210 .35
95.880000 2.460000 214 .35
94.270000 5.230000 247 .35
94.840000 5.100000 229 .35
103.140000 -6.230000 225 .35
97.320000 1.200000 224 .35
97.230000 1.240000 222 .35
97.000000 2.600000 287 .35
94.470000 5.060000 259 .35
96.270000 2.420000 224 .35
98.460000 0.590000 236 .35
98.570000 0.350000 272 .35
93.510000 3.740000 42 .35
97.930000 0.220000 267 .35
97.040000 1.990000 200 .35
97.920000 1.960000 241 .35
97.170000 1.400000 256 .35
94.800000 5.280000 235 .35
97.450000 0.800000 233 .35
94.530000 2.650000 225 .35
95.600000 2.910000 186 .35
97.180000 1.350000 213 .35
96.670000 2.040000 268 .35
94.430000 5.240000 221 .35
94.650000 5.460000 250 .35
94.630000 28.880000 119 .35
97.150000 1.460000 248 .35
96.720000 2.170000 218 .35
97.090000 1.810000 220 .35
97.510000 1.010000 231 .35
94.170000 2.740000 50 .35
94.750000 5.620000 247 .35
96.800000 2.140000 206 .35
97.250000 1.170000 232 .35
96.350000 2.300000 198 .35
94.750000 4.950000 226 .35
92.620000 6.610000 251 .35
107.460000 -7.850000 203 .35
95.150000 4.810000 210 .35
93.270000 4.180000 233 .35
97.140000 1.280000 248 .35
97.250000 1.100000 235 .35
93.610000 13.850000 291 .35
97.080000 1.820000 239 .35
95.060000 2.260000 351 .35
103.550000 -5.920000 217 .35
93.420000 3.960000 247 .35
94.390000 2.630000 248 .35
97.110000 1.330000 227 .35
97.230000 1.270000 229 .35
92.900000 10.350000 274 .35
94.990000 21.010000 151 .35
94.590000 2.590000 246 .35
94.420000 5.460000 246 .35
94.800000 5.110000 248 .35
99.630000 -1.490000 52 .35
96.840000 1.180000 218 .35
96.020000 2.640000 213 .35
93.690000 3.220000 67 .35
93.770000 3.290000 65 .35
97.420000 1.090000 256 .35
94.480000 5.180000 266 .35
97.760000 0.350000 201 .35
97.820000 0.380000 237 .35
97.150000 1.220000 264 .35
94.260000 5.250000 236 .35
92.670000 6.720000 254 .35
94.020000 3.020000 245 .35
97.210000 1.370000 231 .35
94.570000 5.440000 217 .35
96.690000 2.160000 247 .35
94.580000 5.550000 233 .35
97.140000 1.470000 229 .35
92.250000 11.040000 244 .35
97.740000 0.320000 222 .35
99.620000 -1.660000 358 .35
94.790000 5.070000 238 .35
102.700000 -3.800000 95 .35
95.140000 4.750000 245 .35
94.690000 5.500000 203 .35
97.400000 0.630000 164 .35
95.040000 4.860000 223 .35
96.310000 2.430000 200 .35
94.780000 24.560000 181 .35
97.170000 1.340000 251 .35
95.970000 3.980000 234 .35
103.880000 -5.950000 214 .35
97.240000 1.110000 257 .35
94.390000 5.540000 240 .35
107.030000 -7.890000 213 .35
94.280000 5.560000 238 .35
97.870000 1.980000 264 .35
92.300000 10.890000 271 .35
95.100000 4.820000 221 .35
97.950000 2.030000 229 .35
99.530000 -1.460000 40 .35
95.830000 2.740000 227 .35
99.540000 -1.790000 208 .35
96.360000 2.310000 189 .35
96.210000 2.360000 243 .35
97.130000 1.690000 244 .35
84.860000 28.390000 30 .35
97.270000 1.230000 231 .35
95.470000 2.820000 223 .35
96.790000 2.160000 216 .35
103.510000 -4.000000 340 .35
96.940000 0.730000 331 .35
97.270000 1.160000 242 .35
97.240000 1.140000 219 .35
93.820000 3.090000 60 .35
97.160000 1.060000 198 .35
96.280000 2.390000 238 .35
97.200000 1.360000 225 .35
97.330000 0.150000 53 .35
94.520000 5.120000 215 .35
95.920000 2.840000 209 .35
95.140000 4.740000 203 .35
97.900000 0.120000 223 .35
97.860000 0.040000 226 .35
97.530000 0.980000 242 .35
94.750000 4.870000 240 .35
93.270000 13.030000 289 .35
96.070000 2.700000 203 .35
93.000000 4.920000 86 .35
86.380000 27.250000 189 .35
92.410000 11.900000 266 .35
96.450000 2.220000 213 .35
97.100000 1.610000 246 .35
97.220000 1.060000 234 .35
95.450000 2.860000 201 .35
96.250000 2.410000 214 .35
88.390000 27.380000 197 .35
94.440000 5.350000 238 .35
81.340000 -7.670000 168 .35
105.980000 -8.670000 191 .35
106.040000 -8.660000 229 .35
94.690000 5.610000 238 .35
95.900000 2.670000 251 .35
101.440000 -4.550000 237 .35
101.410000 -4.570000 272 .35
107.760000 -7.760000 250 .35
97.080000 1.660000 238 .35
93.640000 13.880000 291 .35
106.720000 -7.370000 205 .35
94.780000 5.070000 234 .35
96.050000 4.130000 201 .35
93.970000 2.940000 64 .35
95.680000 2.720000 186 .35
94.930000 2.270000 46 .35
96.390000 2.410000 206 .35
93.070000 4.750000 253 .35
100.010000 -0.630000 332 .35
93.220000 9.410000 279 .35
97.000000 1.990000 203 .35
102.360000 -4.840000 225 .35
97.160000 1.300000 238 .35
94.320000 23.310000 285 .35
94.440000 5.510000 230 .35
92.460000 6.980000 246 .35
94.570000 5.510000 248 .35
94.370000 2.650000 56 .35
97.130000 1.420000 203 .35
92.450000 6.940000 238 .35
102.150000 -4.750000 13 .35
92.790000 6.500000 252 .35
93.600000 3.720000 223 .35
107.410000 -9.250000 200 .35
105.390000 -6.530000 221 .35
97.150000 1.710000 246 .35
97.180000 1.460000 225 .35
96.350000 2.400000 211 .35
94.660000 5.520000 230 .35
95.100000 4.720000 188 .35
104.150000 28.010000 265 .35
107.940000 -9.160000 195 .35
94.780000 5.120000 240 .35
97.470000 1.070000 235 .35
93.120000 9.450000 277 .35
97.250000 1.320000 249 .35
95.010000 4.940000 48 .35
97.430000 1.110000 238 .35
97.360000 1.040000 221 .35
92.330000 24.540000 51 .35
94.780000 4.750000 231 .35
94.770000 4.740000 245 .35
99.090000 3.400000 348 .35
94.750000 5.080000 229 .35
95.020000 4.820000 224 .35
92.360000 10.650000 260 .35
94.350000 5.450000 239 .35
101.410000 -5.440000 245 .35
97.960000 0.250000 234 .35
92.440000 8.080000 227 .35
101.450000 -5.490000 237 .35
95.810000 2.820000 211 .35
97.110000 1.730000 241 .35
107.190000 -7.820000 93 .35
97.320000 0.450000 230 .35
94.260000 5.210000 237 .35
97.230000 0.640000 210 .35
97.370000 1.070000 233 .35
102.980000 -4.390000 197 .35
96.340000 3.780000 341 .35
97.910000 1.960000 243 .35
102.950000 -4.430000 235 .35
95.700000 2.920000 203 .35
94.640000 5.360000 229 .35
94.620000 5.510000 244 .35
99.870000 -2.330000 221 .35
97.250000 1.250000 223 .35
96.030000 4.110000 192 .35
96.750000 2.010000 188 .35
96.150000 2.670000 208 .35
94.580000 5.420000 226 .35
103.220000 -7.350000 229 .35
104.540000 -5.950000 192 .35
97.460000 5.000000 26 .35
98.000000 2.270000 231 .35
92.520000 7.160000 231 .35
95.610000 19.310000 232 .35
95.610000 19.240000 223 .35
107.680000 -5.930000 240 .35
107.419 -5.859 233 .35
99.320000 1.800000 358 .35
97.750000 0.290000 223 .35
97.800000 0.340000 219 .35
101.370000 -4.440000 238 .35
100.840000 -2.620000 227 .35
99.670000 -1.690000 196 .35
99.630000 -2.130000 222 .35
101.270000 -4.300000 229 .35
101.530000 -3.160000 234 .35
99.950000 -2.230000 226 .35
101.830000 -3.780000 236 .35
100.120000 -2.150000 217 .35
101.170000 -4.070000 240 .35
101.200000 -4.230000 223 .35
101.220000 -4.230000 237 .35
101.190000 -2.790000 229 .35
101.240000 -2.800000 191 .35
99.720000 -1.760000 35 .35
101.110000 -2.760000 235 .35
101.170000 -2.720000 235 .35
101.200000 -2.830000 233 .35
100.770000 -3.640000 222 .35
101.350000 -3.260000 234 .35
100.890000 -2.750000 240 .35
101.230000 -4.300000 264 .35
100.140000 -2.000000 223 .35
99.940000 -2.000000 231 .35
99.930000 -2.130000 224 .35
100.850000 -3.680000 221 .35
100.830000 -3.610000 246 .35
100.380000 -3.160000 237 .35
101.460000 -4.390000 227 .35
100.460000 -1.770000 229 .35
99.490000 -1.790000 224 .35
95.540000 2.920000 213 .35
95.520000 2.900000 198 .35
101.220000 -4.240000 235 .35
99.480000 -1.740000 215 .35
100.980000 -3.900000 233 .35
100.530000 -3.250000 227 .35
101.680000 -3.410000 239 .35
100.480000 -3.210000 232 .35
100.800000 -3.590000 229 .35
100.900000 -3.580000 234 .35
99.900000 -2.000000 228 .35
101.020000 -3.900000 231 .35
100.790000 -3.540000 232 .35
101.280000 -2.990000 225 .35
100.540000 -3.270000 244 .35
100.690000 -0.880000 2 .35
96.360000 3.060000 228 .35
95.060000 4.740000 223 .35
101.160000 -2.810000 231 .35
101.140000 -2.860000 229 .35
97.880000 1.980000 245 .35
101.360000 -4.620000 226 .35
105.990000 -7.070000 315 .35
94.570000 23.500000 45 .35
96.800000 2.090000 205 .35
101.030000 -2.780000 233 .35
94.680000 5.480000 233 .35
92.330000 22.760000 263 .35
92.870000 10.410000 259 .35
97.440000 1.010000 242 .35
97.160000 1.340000 214 .35
101.220000 -2.830000 212 .35
97.270000 1.030000 238 .35
101.210000 -3.010000 238 .35
100.930000 -3.290000 229 .35
99.950000 -2.430000 218 .35
95.960000 2.770000 209 .35
99.880000 -2.320000 223 .35
99.960000 -2.510000 229 .35
101.990000 -3.740000 221 .35
99.950000 -2.340000 211 .35
99.930000 -2.400000 232 .35
99.970000 -2.490000 227 .35
99.890000 -2.330000 228 .35
99.810000 -2.240000 230 .35
101.060000 -3.860000 244 .35
93.480000 3.930000 254 .35
99.820000 -2.180000 233 .35
94.820000 5.080000 228 .35
99.790000 -2.230000 231 .35
100.810000 -3.760000 220 .35
94.590000 2.700000 215 .35
101.100000 -2.900000 241 .35
95.300000 2.860000 210 .35
102.720000 -4.350000 226 .35
101.410000 -3.270000 226 .35
107.880000 -7.780000 212 .35
101.320000 -3.020000 232 .35
94.700000 5.510000 228 .35
95.090000 4.680000 208 .35
101.390000 -3.180000 231 .35
101.470000 -3.180000 237 .35
102.460000 -4.190000 209 .35
101.270000 -4.130000 228 .35
101.100000 -4.450000 228 .35
97.760000 0.350000 225 .35
99.970000 -2.080000 231 .35
97.480000 0.820000 207 .35
92.700000 6.790000 247 .35
101.430000 -3.180000 232 .35
97.160000 1.320000 232 .35
97.190000 1.340000 231 .35
95.330000 25.970000 47 .35
96.550000 2.230000 203 .35
91.660000 11.610000 263 .35
93.580000 13.860000 281 .35
101.080000 -3.940000 234 .35
100.990000 -3.910000 237 .35
103.060000 -3.930000 34 .35
96.320000 2.510000 214 .35
102.220000 -5.210000 221 .35
81.680000 -3.330000 21 .35
97.250000 1.140000 238 .35
101.260000 -4.350000 241 .35
101.750000 -4.740000 229 .35
100.750000 -3.650000 229 .35
101.040000 -2.830000 238 .35
103.510000 -6.070000 224 .35
95.040000 4.830000 221 .35
101.220000 -4.300000 239 .35
101.300000 -4.330000 229 .35
94.170000 6.450000 122 .35
100.720000 -3.530000 238 .35
98.180000 -0.350000 253 .35
98.270000 -0.260000 251 .35
98.550000 0.480000 232 .35
97.180000 1.440000 237 .35
95.050000 4.670000 207 .35
94.310000 5.260000 248 .35
100.630000 -3.510000 233 .35
94.440000 6.260000 168 .35
97.290000 1.180000 226 .35
100.410000 -3.090000 237 .35
100.470000 -3.120000 234 .35
100.320000 -3.330000 228 .35
99.090000 2.800000 168 .35
101.140000 -5.440000 247 .35
102.900000 -4.890000 248 .35
103.050000 -4.990000 219 .35
102.300000 -2.580000 5 .35
102.910000 -4.800000 227 .35
101.700000 -5.500000 246 .35
101.580000 -5.520000 233 .35
108.740000 -8.800000 195 .35
94.790000 24.320000 29 .35
99.490000 -1.480000 71 .35
99.430000 -1.450000 69 .35
99.270000 -1.530000 53 .35
99.550000 -1.380000 68 .35
99.420000 -1.450000 46 .35
97.950000 -0.910000 222 .35
99.370000 -1.370000 57 .35
99.480000 -1.420000 80 .35
99.570000 -1.650000 63 .35
94.660000 5.470000 262 .35
95.100000 25.280000 171 .35
99.470000 -1.360000 14 .35
107.300000 -7.780000 324 .35
94.680000 24.330000 54 .35
104.790000 -6.290000 185 .35
94.320000 5.260000 217 .35
102.670000 -4.500000 235 .35
91.440000 27.330000 191 .35
94.790000 20.400000 137 .35
99.870000 -0.720000 344 .35
105.220000 -6.530000 214 .35
91.420000 27.260000 203 .35
102.980000 -5.000000 238 .35
103.120000 -4.730000 226 .35
95.910000 2.770000 208 .35
91.820000 22.000000 255 .35
99.390000 -1.430000 45 .35
94.810000 24.360000 34 .35
102.690000 -4.260000 246 .35
99.090000 -0.320000 214 .35
100.910000 -2.880000 251 .35
94.290000 2.780000 30 .35
105.930000 -7.280000 237 .35
94.710000 23.200000 141 .35
100.980000 -3.760000 234 .35
94.620000 23.060000 13 .35
97.200000 1.340000 241 .35
83.730000 -2.720000 156 .35
102.830000 -4.640000 244 .35
100.140000 -2.150000 231 .35
97.050000 2.380000 217 .35
101.100000 -4.050000 236 .35
101.000000 -3.880000 246 .35
96.020000 3.750000 218 .35
95.850000 3.500000 221 .35
107.220000 -7.840000 135 .35
100.970000 -3.860000 229 .35
93.450000 11.120000 58 .35
108.280000 -9.560000 202 .35
93.090000 13.200000 26 .35
101.340000 -4.490000 232 .35
97.190000 1.240000 248 .35
92.250000 10.230000 253 .35
80.400000 29.840000 228 .35
97.140000 1.390000 236 .35
104.620000 -6.500000 206 .35
103.960000 -6.350000 197 .35
107.060000 -7.490000 210 .35
96.720000 2.220000 230 .35
103.580000 -4.120000 295 .35
103.460000 -6.910000 223 .35
96.950000 1.950000 213 .35
94.740000 5.000000 234 .35
94.740000 5.050000 231 .35
95.390000 3.660000 232 .35
94.340000 6.630000 127 .35
100.080000 -3.490000 226 .35
100.380000 -2.950000 237 .35
100.460000 -3.290000 222 .35
99.890000 -2.340000 227 .35
104.060000 -6.340000 218 .35
99.420000 -1.740000 226 .35
107.210000 -7.860000 297 .35
106.930000 -8.020000 219 .35
100.180000 -3.770000 175 .35
104.010000 -6.260000 210 .35
96.000000 3.880000 217 .35
94.670000 5.420000 234 .35
95.890000 2.710000 222 .35
95.960000 3.950000 211 .35
101.430000 -4.460000 224 .35
100.000000 -2.650000 204 .35
105.080000 -6.960000 232 .35
96.290000 2.490000 216 .35
96.290000 2.400000 206 .35
100.540000 -3.610000 203 .35
102.650000 -5.030000 220 .35
96.400000 2.630000 216 .35
95.520000 2.890000 219 .35
95.520000 2.900000 208 .35
102.140000 -4.250000 236 .35
96.830000 2.200000 214 .35
96.760000 1.990000 203 .35
94.680000 24.640000 166 .35
98.820000 0.810000 255 .35
97.890000 1.900000 243 .35
97.450000 0.830000 237 .35
80.760000 29.690000 228 .35
106.220000 -6.930000 230 .35
97.100000 1.620000 239 .35
108.520000 -8.040000 296 .35
100.630000 -3.530000 226 .35
101.850000 -4.890000 217 .35
103.480000 -5.710000 245 .35
101.360000 -3.250000 226 .35
98.720000 25.080000 181 .35
101.890000 -5.040000 221 .35
97.170000 1.420000 237 .35
106.460000 -7.200000 219 .35
101.100000 -2.830000 232 .35
101.090000 -2.910000 231 .35
102.400000 -4.250000 230 .35
94.950000 4.740000 213 .35
104.050000 -6.280000 210 .35
96.350000 2.480000 216 .35
103.710000 -6.140000 206 .35
103.050000 -4.070000 148 .35
99.940000 -2.460000 215 .35
101.350000 -3.250000 230 .35
95.240000 24.950000 53 .35
99.450000 -2.220000 212 .35
99.450000 -2.270000 229 .35
97.870000 0.170000 235 .35
102.180000 -4.320000 230 .35
104.340000 -5.840000 202 .35
99.070000 -0.940000 251 .35
96.270000 2.400000 209 .35
96.680000 2.070000 213 .35
102.200000 -3.680000 197 .35
94.400000 4.990000 264 .35
102.710000 -4.320000 219 .35
95.110000 4.620000 199 .35
94.570000 5.410000 231 .35
100.430000 -3.350000 230 .35
93.790000 3.310000 70 .35
92.140000 0.240000 304 .35
105.460000 -6.810000 238 .35
94.080000 2.840000 357 .35
93.820000 3.250000 80 .35
93.850000 3.260000 77 .35
93.820000 3.270000 52 .35
93.350000 2.150000 135 .35
93.720000 3.270000 77 .35
94.460000 2.700000 205 .35
100.440000 -3.340000 224 .35
94.510000 2.700000 203 .35
105.420000 -8.350000 213 .35
94.470000 2.640000 13 .35
100.150000 -2.820000 252 .35
106.370000 -7.690000 177 .35
94.670000 5.480000 235 .35
105.490000 -5.680000 303 .35
100.990000 -2.920000 237 .35
103.190000 -4.930000 217 .35
100.590000 -3.640000 182 .35
109.100000 -7.980000 186 .35
102.790000 -4.380000 220 .35
96.040000 2.710000 201 .35
104.420000 -6.000000 189 .35
100.470000 -1.760000 224 .35
96.960000 1.900000 202 .35
94.750000 5.060000 230 .35
103.000000 -4.750000 233 .35
82.690000 28.470000 217 .35
103.990000 27.580000 260 .35
100.590000 -3.320000 234 .35
103.740000 -6.170000 214 .35
89.700000 2.610000 21 .35
101.920000 -2.920000 110 .35
92.820000 26.880000 359 .35
97.670000 -0.430000 210 .35
98.380000 0.880000 284 .35
107.530000 -6.760000 334 .35
97.460000 0.890000 227 .35
106.670000 -7.370000 185 .35
102.830000 -4.530000 226 .35
93.640000 13.850000 280 .35
94.780000 22.440000 59 .35
95.050000 25.330000 198 .35
95.100000 4.720000 224 .35
101.300000 -2.990000 231 .35
94.980000 4.570000 218 .35
104.380000 -6.550000 197 .35
107.290000 -7.000000 132 .35
92.220000 24.680000 242 .35
95.830000 2.710000 215 .35
95.650000 19.220000 62 .35
102.530000 -4.150000 226 .35
95.750000 19.250000 221 .35
98.640000 0.220000 247 .35
106.070000 -7.090000 227 .35
95.620000 19.260000 35 .35
95.150000 28.890000 210 .35
104.960000 28.380000 238 .35
95.920000 3.890000 221 .35
107.910000 -9.160000 201 .35
107.440000 -9.330000 184 .35
102.380000 -4.940000 260 .35
82.280000 28.660000 204 .35
100.560000 -3.270000 241 .35
100.460000 -3.360000 222 .35
97.970000 5.380000 221 .35
94.430000 22.040000 193 .35
94.730000 23.940000 145 .35
100.400000 -3.290000 219 .35
94.380000 5.360000 242 .35
103.040000 -4.740000 172 .35
91.750000 1.250000 12 .35
88.400000 27.290000 214 .35
103.090000 -5.800000 213 .35
95.860000 3.960000 205 .35
107.800000 -8.110000 186 .35
94.460000 5.390000 254 .35
107.930000 -7.870000 195 .35
98.560000 0.260000 192 .35
96.830000 2.040000 209 .35
96.680000 2.030000 208 .35
91.510000 1.350000 334 .35
102.850000 -4.920000 199 .35
109.260000 -8.230000 56 .35
109.290000 -8.050000 45 .35
97.260000 1.210000 230 .35
97.140000 1.190000 230 .35
94.260000 7.300000 306 .35
103.810000 -4.560000 298 .35
100.430000 -3.990000 230 .35
102.280000 -5.240000 231 .35
103.620000 28.170000 270 .35
97.970000 1.960000 251 .35
97.880000 1.870000 222 .35
109.120000 -8.490000 182 .35
92.760000 4.250000 141 .35
93.860000 3.150000 49 .35
102.640000 -6.950000 211 .35
104.120000 -6.340000 213 .35
108.050000 -7.760000 193 .35
96.940000 1.930000 206 .35
94.650000 5.400000 235 .35
94.450000 6.040000 127 .35
97.260000 1.150000 234 .35
97.240000 1.130000 221 .35
104.620000 -6.220000 197 .35
93.870000 12.870000 83 .35
97.220000 1.050000 213 .35
93.440000 3.950000 237 .35
107.170000 -6.500000 291 .35
103.950000 -6.020000 350 .35
95.070000 4.780000 133 .35
105.990000 -7.180000 223 .35
97.920000 1.650000 235 .35
100.140000 -3.830000 210 .35
95.770000 2.720000 191 .35
86.370000 27.740000 158 .35
102.180000 -6.130000 211 .35
103.200000 29.350000 68 .35
102.790000 -4.760000 97 .35
95.190000 25.020000 161 .35
97.240000 1.340000 233 .35
104.890000 28.350000 288 .35
98.720000 -0.780000 226 .35
96.790000 2.000000 198 .35
93.380000 9.890000 33 .35
102.660000 -4.460000 230 .35
105.330000 -6.710000 226 .35
102.480000 -5.680000 213 .35
82.390000 28.900000 28 .35
84.710000 28.150000 197 .35
84.820000 28.220000 218 .35
86.020000 27.770000 199 .35
85.810000 27.770000 215 .35
86.070000 27.810000 217 .35
86.160000 27.620000 209 .35
86.070000 27.560000 234 .35
93.580000 14.010000 282 .35
94.740000 4.990000 247 .35
96.230000 19.080000 76 .35
94.720000 5.060000 235 .35
108.920000 -8.250000 283 .35
95.120000 4.680000 200 .35
107.220000 -8.040000 300 .35
103.710000 -6.030000 209 .35
103.640000 -6.080000 213 .35
107.400000 -8.050000 172 .35
100.300000 27.550000 113 .35
98.040000 0.580000 317 .35
94.860000 22.450000 2 .35
106.020000 -6.950000 315 .35
102.970000 -4.960000 229 .35
81.650000 29.400000 224 .35
107.020000 -8.370000 211 .35
96.690000 2.070000 225 .35
107.390000 -8.200000 203 .35
102.190000 -4.170000 239 .35
94.860000 23.100000 39 .35
100.490000 -3.620000 230 .35
96.210000 2.350000 179 .35
104.630000 -5.030000 294 .35
107.560000 -8.070000 221 .35
101.270000 -3.330000 234 .35
99.410000 -2.190000 218 .35
97.410000 0.980000 233 .35
102.300000 -4.510000 346 .35
94.570000 21.510000 44 .35
96.750000 2.010000 177 .35
94.930000 21.310000 120 .35
104.160000 -5.960000 191 .35
94.700000 23.900000 47 .35
94.570000 20.920000 248 .35
100.180000 -2.910000 226 .35
98.610000 0.550000 226 .35
101.770000 -4.910000 220 .35
102.750000 -4.430000 217 .35
86.530000 27.800000 215 .35
80.630000 29.980000 225 .35
96.690000 3.490000 132 .35
96.210000 5.300000 21 .35
94.610000 5.410000 233 .35
105.730000 29.470000 169 .35
108.800000 -8.750000 191 .35
100.350000 -1.720000 235 .35
102.720000 -5.270000 221 .35
94.560000 5.420000 244 .35
104.830000 28.180000 262 .35
107.390000 -7.520000 176 .35
96.070000 5.300000 357 .35
96.150000 5.250000 20 .35
102.020000 -4.210000 236 .35
102.190000 -6.260000 207 .35
95.860000 3.640000 218 .35
104.370000 -6.040000 172 .35
99.630000 -2.160000 224 .35
108.020000 -7.740000 194 .35
105.980000 -7.410000 266 .35
98.980000 2.750000 217 .35
101.380000 -5.660000 226 .35
102.240000 -2.670000 19 .35
108.990000 -8.160000 177 .35
101.620000 -3.770000 236 .35
99.890000 -2.300000 214 .35
99.690000 -1.160000 225 .35
104.960000 -6.040000 350 .35
93.110000 9.280000 210 .35
93.160000 10.240000 186 .35
102.100000 -3.370000 341 .35
95.790000 -7.360000 110 .35
104.610000 -6.510000 198 .35
94.980000 29.830000 29 .35
96.980000 1.370000 234 .35
102.950000 -5.030000 224 .35
106.820000 -7.880000 195 .35
101.040000 -2.810000 236 .35
94.900000 24.740000 124 .35
96.070000 18.370000 81 .35
93.160000 12.350000 46 .35
96.150000 18.390000 84 .35
105.940000 -7.410000 229 .35
102.850000 -4.540000 209 .35
103.890000 -6.530000 186 .35
105.530000 -6.980000 194 .35
96.160000 18.320000 75 .35
96.140000 18.360000 74 .35
104.910000 -6.340000 169 .35
93.580000 7.550000 257 .35
95.060000 4.570000 194 .35
93.430000 9.520000 156 .35
97.100000 1.390000 231 .35
96.990000 27.180000 232 .35
95.100000 24.600000 160 .35
98.590000 -2.020000 225 .35
98.690000 -1.950000 227 .35
98.670000 -1.930000 201 .35
98.640000 -1.930000 221 .35
96.070000 18.270000 55 .35
103.390000 -5.790000 191 .35
99.840000 -1.690000 339 .35
99.430000 -2.350000 209 .35
99.470000 -2.290000 226 .35
98.320000 0.630000 326 .35
96.890000 0.820000 238 .35
97.820000 4.560000 76 .35
95.900000 3.880000 215 .35
106.030000 -6.180000 353 .35
101.820000 -3.760000 234 .35
94.740000 4.990000 244 .35
96.920000 27.200000 230 .35
100.930000 -2.970000 232 .35
101.520000 -3.530000 229 .35
98.750000 -1.550000 219 .35
94.560000 5.380000 236 .35
99.680000 -2.450000 207 .35
104.920000 28.190000 259 .35
106.570000 -7.880000 206 .35
101.280000 -3.390000 228 .35
104.190000 -6.840000 206 .35
100.010000 -2.830000 227 .35
100.070000 -2.850000 234 .35
100.130000 -2.880000 249 .35
100.100000 -2.970000 213 .35
98.040000 -0.430000 255 .35
96.360000 27.330000 266 .35
104.610000 29.470000 273 .35
99.890000 -2.050000 221 .35
97.830000 1.920000 232 .35
98.780000 1.120000 7 .35
94.560000 28.410000 118 .35
102.140000 -4.270000 199 .35
102.030000 -5.400000 204 .35
97.720000 0.380000 227 .35
97.740000 0.340000 216 .35
108.950000 -8.200000 196 .35
99.030000 -0.300000 220 .35
104.870000 28.440000 88 .35
104.990000 28.400000 65 .35
104.810000 28.400000 253 .35
104.840000 28.490000 281 .35
87.110000 9.380000 336 .35
92.830000 27.720000 180 .35
92.800000 27.740000 97 .35
106.140000 -6.980000 224 .35
104.790000 -7.280000 110 .35
99.390000 -0.740000 228 .35
102.910000 -7.110000 212 .35
102.940000 -7.220000 210 .35
104.930000 29.530000 310 .35
91.650000 10.980000 285 .35
101.190000 -4.480000 240 .35
101.130000 -4.430000 237 .35
99.590000 -2.640000 219 .35
99.860000 -2.380000 212 .35
97.400000 0.830000 228 .35
81.140000 29.320000 200 .35
97.890000 -0.890000 230 .35
106.690000 22.940000 330 .35
106.730000 22.920000 307 .35
100.940000 -2.970000 228 .35
104.950000 29.610000 321 .35
92.400000 7.070000 79 .35
107.440000 -8.010000 192 .35
96.360000 2.350000 206 .35
99.900000 -1.910000 228 .35
99.880000 -1.970000 234 .35
103.120000 -3.950000 158 .35
103.010000 -5.850000 211 .35
94.030000 22.800000 156 .35
