96.320000 3.400000 57 .35
97.070000 26.680000 58 .35
99.860000 1.580000 130 .35
101.980000 -4.440000 33 .35
98.680000 0.670000 40 .35
101.490000 -3.100000 33 .35
102.230000 -4.600000 30 .35
107.640000 -8.170000 291 .35
107.570000 -7.760000 5 .35
107.090000 -6.570000 157 .35
102.020000 -4.350000 35 .35
93.020000 12.800000 272 .35
93.070000 12.860000 246 .35
102.890000 -4.230000 14 .35
94.720000 23.090000 111 .35
103.970000 -5.850000 25 .35
102.810000 -5.120000 14 .35
102.360000 -5.060000 26 .35
84.280000 -0.910000 167 .35
102.410000 -4.020000 26 .35
93.690000 20.890000 215 .35
101.250000 -4.080000 35 .35
96.330000 5.230000 186 .35
98.130000 -1.240000 58 .35
98.220000 -1.210000 59 .35
98.250000 -0.390000 46 .35
100.960000 -1.080000 132 .35
94.720000 24.500000 151 .35
94.410000 7.310000 159 .35
95.260000 24.900000 125 .35
98.760000 -4.430000 278 .35
102.320000 -6.370000 21 .35
108.860000 -8.710000 15 .35
103.040000 -5.710000 10 .35
106.040000 -7.210000 11 .35
108.250000 -7.660000 133 .35
102.020000 -4.440000 34 .35
97.040000 27.090000 233 .35
92.610000 6.700000 96 .35
100.100000 0.610000 128 .35
103.170000 -5.590000 83 .35
108.790000 -8.080000 143 .35
101.200000 -2.790000 23 .35
81.260000 29.330000 8 .35
81.090000 29.600000 18 .35
94.700000 15.870000 209 .35
102.410000 -5.130000 34 .35
103.120000 -5.370000 26 .35
93.900000 22.720000 255 .35
97.310000 0.150000 78 .35
98.070000 2.060000 36 .35
102.910000 -5.430000 23 .35
102.930000 -5.420000 35 .35
95.380000 24.940000 239 .35
94.590000 22.960000 47 .35
95.130000 22.490000 38 .35
106.460000 -8.810000 15 .35
92.910000 12.140000 241 .35
100.590000 -1.530000 40 .35
102.420000 -6.180000 29 .35
97.780000 4.400000 81 .35
101.920000 -4.600000 104 .35
97.020000 2.480000 53 .35
86.350000 18.660000 1 .35
103.160000 -4.740000 16 .35
103.050000 -4.740000 20 .35
108.650000 -7.450000 142 .35
107.190000 -8.090000 12 .35
92.990000 11.690000 68 .35
101.260000 -3.160000 51 .35
102.990000 -6.750000 26 .35
93.640000 12.950000 84 .35
94.810000 5.730000 348 .35
99.070000 14.950000 176 .35
99.080000 14.930000 168 .35
99.600000 -1.810000 15 .35
103.230000 -4.730000 24 .35
94.780000 5.720000 121 .35
105.630000 -6.750000 10 .35
87.490000 3.250000 164 .35
95.200000 24.570000 68 .35
103.540000 -4.660000 331 .35
103.170000 -5.830000 9 .35
104.030000 -6.360000 0 .35
102.450000 -5.080000 21 .35
103.570000 -7.130000 40 .35
94.650000 24.500000 148 .35
106.910000 -7.710000 10 .35
105.340000 -6.630000 358 .35
100.030000 -1.020000 45 .35
98.920000 0.990000 130 .35
98.040000 0.190000 38 .35
107.970000 -7.940000 6 .35
92.840000 24.600000 39 .35
98.830000 1.640000 164 .35
104.540000 -5.900000 27 .35
105.470000 -6.620000 0 .35
96.050000 26.180000 92 .35
107.980000 -7.720000 10 .35
95.130000 29.160000 202 .35
107.100000 -6.890000 41 .35
104.240000 -6.240000 24 .35
99.900000 -0.850000 48 .35
94.570000 22.890000 127 .35
95.000000 4.400000 218 .35
106.450000 -7.320000 62 .35
93.510000 9.090000 137 .35
98.040000 2.050000 39 .35
93.360000 13.050000 95 .35
96.290000 26.760000 67 .35
102.700000 -4.290000 25 .35
105.440000 -6.520000 40 .35
102.060000 -4.610000 19 .35
104.900000 -6.270000 36 .35
94.440000 23.060000 164 .35
105.260000 -7.910000 347 .35
104.260000 -5.760000 54 .35
99.120000 0.960000 78 .35
102.750000 -4.500000 11 .35
93.460000 11.030000 148 .35
94.480000 4.660000 185 .35
98.230000 -1.110000 53 .35
103.380000 -4.640000 12 .35
95.120000 25.140000 58 .35
100.750000 -1.340000 48 .35
95.160000 25.330000 62 .35
107.190000 -7.740000 205 .35
86.610000 26.780000 47 .35
95.140000 25.310000 228 .35
101.920000 -5.010000 55 .35
85.540000 27.700000 16 .35
99.420000 23.380000 276 .35
97.160000 1.870000 29 .35
102.890000 -5.520000 359 .35
92.370000 24.360000 91 .35
101.470000 -4.290000 37 .35
101.430000 -4.220000 26 .35
101.390000 -4.210000 36 .35
102.990000 -5.470000 77 .35
101.390000 -4.180000 15 .35
87.000000 -3.880000 321 .35
102.030000 -4.470000 36 .35
94.580000 22.800000 127 .35
96.150000 2.710000 35 .35
102.760000 -5.060000 70 .35
92.210000 -8.550000 275 .35
102.930000 -4.430000 10 .35
106.530000 -8.750000 219 .35
95.280000 24.750000 177 .35
96.100000 3.850000 43 .35
109.070000 -8.110000 8 .35
108.110000 -6.930000 215 .35
95.330000 3.740000 220 .35
105.320000 -6.550000 346 .35
98.410000 -0.440000 9 .35
102.400000 -3.960000 16 .35
100.930000 -3.470000 18 .35
108.860000 -8.660000 355 .35
97.190000 3.730000 236 .35
97.380000 3.910000 204 .35
98.710000 0.590000 37 .35
84.610000 -2.860000 210 .35
102.360000 -3.980000 18 .35
82.810000 -3.420000 196 .35
103.910000 -6.010000 40 .35
102.510000 -5.490000 27 .35
104.860000 -6.010000 358 .35
99.920000 -1.120000 47 .35
93.850000 12.480000 141 .35
95.420000 3.800000 216 .35
102.880000 -4.240000 33 .35
102.070000 -3.610000 35 .35
93.090000 24.670000 60 .35
103.180000 -4.920000 31 .35
86.980000 9.270000 329 .35
109.120000 -7.150000 218 .35
103.150000 -5.770000 27 .35
103.220000 -5.680000 15 .35
95.240000 24.820000 53 .35
104.570000 -4.300000 165 .35
94.910000 24.300000 55 .35
103.070000 -5.410000 26 .35
103.020000 -5.500000 12 .35
104.350000 -6.110000 2 .35
103.010000 -5.360000 41 .35
102.860000 -5.570000 32 .35
101.820000 -3.070000 188 .35
84.960000 -3.070000 202 .35
93.620000 11.620000 85 .35
106.950000 -8.110000 25 .35
102.990000 -5.790000 9 .35
101.960000 -4.860000 22 .35
102.400000 -4.070000 24 .35
99.680000 -1.620000 25 .35
94.720000 6.530000 308 .35
102.600000 -4.320000 3 .35
96.160000 2.940000 42 .35
102.900000 -5.240000 25 .35
92.510000 11.790000 83 .35
98.020000 1.920000 45 .35
106.130000 -7.090000 4 .35
98.680000 -0.560000 39 .35
103.740000 -4.820000 107 .35
99.810000 -2.010000 39 .35
99.800000 -2.000000 38 .35
99.720000 -2.060000 37 .35
99.580000 -2.070000 45 .35
99.540000 -1.860000 37 .35
104.440000 -5.800000 34 .35
109.060000 -8.000000 12 .35
107.550000 -5.920000 354 .35
101.470000 -3.140000 32 .35
95.220000 24.720000 167 .35
104.930000 -6.210000 16 .35
96.270000 3.030000 39 .35
97.620000 4.220000 23 .35
104.600000 -5.900000 23 .35
103.850000 29.090000 59 .35
106.570000 -7.310000 1 .35
95.870000 3.000000 41 .35
105.080000 -6.400000 330 .35
95.330000 25.010000 45 .35
95.140000 25.260000 199 .35
96.210000 2.980000 27 .35
103.940000 -5.700000 0 .35
106.290000 -6.980000 11 .35
103.230000 -4.930000 27 .35
95.940000 3.090000 45 .35
101.930000 -4.540000 26 .35
102.820000 -4.270000 28 .35
99.680000 -2.020000 31 .35
99.620000 -1.960000 27 .35
96.070000 2.780000 37 .35
92.640000 24.500000 227 .35
107.490000 -7.940000 9 .35
103.190000 -4.740000 17 .35
104.100000 -6.230000 40 .35
80.530000 29.840000 32 .35
105.510000 -6.610000 13 .35
102.140000 -3.370000 14 .35
101.550000 -3.150000 39 .35
99.740000 -1.870000 34 .35
80.040000 23.080000 331 .35
97.600000 1.070000 55 .35
97.600000 1.070000 47 .35
94.880000 21.820000 8 .35
93.160000 23.890000 111 .35
99.910000 -1.970000 35 .35
102.840000 -4.450000 356 .35
104.010000 -6.380000 20 .35
103.190000 -4.960000 34 .35
94.200000 6.880000 160 .35
92.700000 22.210000 173 .35
99.260000 -0.540000 34 .35
99.480000 -2.230000 19 .35
99.630000 -2.190000 28 .35
104.060000 -6.310000 27 .35
102.190000 -4.250000 10 .35
103.070000 -4.690000 23 .35
107.200000 -7.580000 16 .35
106.950000 -7.770000 346 .35
92.810000 27.770000 292 .35
106.870000 -6.380000 162 .35
92.510000 11.050000 69 .35
102.960000 -5.160000 17 .35
104.260000 -5.900000 36 .35
107.860000 -7.610000 147 .35
103.030000 -4.480000 35 .35
101.960000 -4.760000 35 .35
99.230000 -0.240000 42 .35
104.720000 -6.470000 16 .35
103.860000 -5.970000 38 .35
104.220000 -6.190000 30 .35
96.040000 3.370000 31 .35
107.560000 -5.810000 343 .35
102.370000 -4.140000 43 .35
102.940000 -5.300000 208 .35
102.660000 -4.080000 26 .35
102.190000 -5.410000 64 .35
106.460000 -6.320000 279 .35
106.140000 -6.580000 131 .35
102.090000 -6.010000 61 .35
107.090000 -7.090000 161 .35
97.210000 4.570000 357 .35
106.610000 -8.950000 17 .35
103.080000 -4.740000 92 .35
109.590000 -9.190000 9 .35
98.040000 2.010000 133 .35
98.000000 -0.850000 49 .35
102.660000 -4.910000 34 .35
106.660000 -7.360000 15 .35
102.010000 -4.140000 32 .35
102.129 -4.405 121 .35
102.690000 -5.000000 22 .35
102.700000 -5.090000 33 .35
97.240000 26.860000 76 .35
101.900000 -4.610000 103 .35
97.020000 26.590000 243 .35
102.750000 -5.330000 71 .35
102.760000 -5.360000 51 .35
102.050000 -4.480000 72 .35
101.490000 -5.540000 41 .35
102.730000 -4.820000 51 .35
94.690000 24.510000 154 .35
101.970000 -4.630000 40 .35
103.760000 -4.470000 339 .35
102.370000 -4.070000 24 .35
102.690000 -6.030000 28 .35
102.710000 -5.200000 334 .35
96.590000 1.440000 47 .35
101.820000 -5.430000 26 .35
107.880000 -6.650000 59 .35
92.950000 10.000000 237 .35
94.860000 23.870000 65 .35
92.860000 9.980000 237 .35
105.630000 -6.550000 16 .35
92.980000 9.940000 245 .35
102.600000 -4.860000 30 .35
108.890000 -8.700000 24 .35
101.780000 -4.020000 29 .35
101.600000 -4.190000 49 .35
101.750000 -4.050000 45 .35
99.250000 -0.200000 95 .35
102.560000 -4.680000 31 .35
102.490000 -5.160000 27 .35
102.760000 -4.780000 29 .35
102.740000 -4.780000 38 .35
102.730000 -5.090000 45 .35
102.450000 -4.900000 12 .35
97.680000 0.340000 49 .35
102.190000 -5.360000 17 .35
106.120000 -7.210000 14 .35
102.630000 -4.890000 35 .35
101.630000 -4.190000 46 .35
102.200000 -4.380000 106 .35
95.040000 24.630000 164 .35
106.490000 -9.180000 252 .35
101.080000 -3.630000 29 .35
93.530000 12.280000 87 .35
97.780000 0.410000 40 .35
107.210000 -7.740000 97 .35
98.540000 0.290000 56 .35
94.990000 24.430000 65 .35
80.210000 11.960000 320 .35
81.750000 29.610000 14 .35
81.750000 29.550000 29 .35
101.900000 -4.760000 35 .35
97.920000 1.950000 13 .35
101.440000 -4.040000 14 .35
102.340000 -5.630000 59 .35
95.630000 3.490000 61 .35
95.610000 3.510000 34 .35
95.660000 3.540000 217 .35
95.660000 3.530000 209 .35
95.680000 3.480000 172 .35
104.590000 -5.880000 16 .35
101.380000 -4.120000 40 .35
98.680000 -0.500000 54 .35
103.130000 -4.800000 70 .35
107.870000 -7.640000 2 .35
102.060000 -5.820000 37 .35
101.700000 -5.840000 64 .35
102.560000 -2.340000 40 .35
104.180000 -6.960000 22 .35
103.990000 -6.980000 279 .35
84.79 27.11 251 .35
87.93 28.21 91 .35
104.600000 -6.350000 7 .35
93.430000 8.340000 147 .35
105.710000 -6.750000 8 .35
104.880000 -6.200000 22 .35
93.070000 13.040000 247 .35
93.160000 13.060000 246 .35
93.170000 13.110000 112 .35
101.380000 -3.250000 21 .35
103.030000 -5.860000 31 .35
94.420000 6.030000 4 .35
96.080000 2.820000 45 .35
96.390000 2.950000 68 .35
104.570000 -5.650000 21 .35
96.090000 3.010000 37 .35
102.180000 -4.210000 138 .35
104.040000 -5.650000 316 .35
105.640000 -6.610000 128 .35
98.600000 0.540000 37 .35
97.960000 0.200000 63 .35
95.240000 19.890000 56 .35
103.680000 -5.510000 24 .35
95.430000 4.000000 210 .35
101.200000 -2.730000 25 .35
103.210000 -4.680000 26 .35
103.680000 -7.020000 14 .35
103.690000 -7.030000 93 .35
107.320000 -8.060000 327 .35
108.370000 -9.530000 18 .35
95.760000 2.770000 58 .35
102.060000 -3.640000 30 .35
93.600000 6.680000 27 .35
92.310000 22.850000 78 .35
92.340000 22.830000 94 .35
102.120000 -5.640000 7 .35
96.820000 2.080000 48 .35
96.070000 2.590000 38 .35
102.840000 -4.440000 44 .35
103.570000 -5.630000 77 .35
103.250000 -4.820000 13 .35
103.770000 -6.100000 24 .35
95.740000 19.810000 246 .35
102.630000 -4.070000 32 .35
93.250000 13.040000 126 .35
106.270000 -6.960000 19 .35
95.700000 19.850000 256 .35
102.810000 -5.560000 11 .35
102.030000 -5.800000 204 .35
94.710000 4.150000 155 .35
105.870000 -8.570000 34 .35
100.650000 -0.470000 195 .35
102.330000 -6.160000 56 .35
102.220000 -6.130000 12 .35
104.530000 -5.800000 30 .35
101.940000 -5.110000 45 .35
105.440000 -6.650000 350 .35
100.540000 -1.550000 35 .35
93.220000 13.110000 108 .35
102.720000 -5.210000 39 .35
102.200000 -4.280000 33 .35
93.190000 13.090000 117 .35
106.180000 -6.940000 3 .35
97.820000 0.410000 40 .35
102.650000 -5.230000 32 .35
97.220000 27.100000 46 .35
103.910000 -6.160000 29 .35
97.380000 1.290000 56 .35
102.850000 -4.340000 46 .35
95.670000 -6.240000 174 .35
109.790000 -8.290000 109 .35
98.730000 0.110000 6 .35
107.960000 -7.750000 5 .35
97.910000 0.190000 43 .35
94.300000 24.300000 162 .35
103.100000 -4.890000 14 .35
101.920000 -4.890000 36 .35
103.210000 -4.910000 28 .35
102.870000 -6.960000 24 .35
97.930000 1.980000 38 .35
99.340000 -2.070000 37 .35
100.620000 -3.090000 53 .35
92.540000 24.760000 38 .35
95.780000 3.300000 39 .35
92.960000 6.910000 47 .35
92.380000 8.880000 73 .35
93.740000 8.860000 331 .35
94.470000 2.780000 46 .35
94.090000 3.650000 253 .35
94.160000 2.790000 18 .35
94.470000 5.480000 52 .35
94.890000 3.350000 36 .35
92.580000 6.760000 52 .35
93.480000 7.940000 81 .35
94.510000 2.710000 44 .35
94.610000 5.520000 45 .35
93.280000 6.480000 14 .35
94.650000 5.350000 43 .35
92.640000 7.710000 19 .35
95.110000 4.720000 42 .35
94.630000 2.750000 59 .35
95.610000 2.930000 223 .35
93.870000 3.350000 257 .35
92.650000 8.740000 81 .35
92.810000 6.820000 10 .35
92.350000 10.550000 72 .35
95.210000 4.730000 45 .35
93.000000 6.700000 255 .35
93.760000 3.370000 244 .35
93.000000 6.720000 60 .35
93.160000 8.380000 80 .35
93.140000 9.360000 102 .35
94.900000 5.140000 48 .35
95.570000 2.800000 55 .35
93.880000 3.110000 240 .35
94.660000 5.450000 49 .35
94.280000 5.530000 45 .35
94.400000 5.770000 58 .35
94.300000 5.530000 45 .35
92.510000 12.240000 70 .35
94.390000 2.700000 27 .35
94.540000 5.290000 48 .35
94.490000 5.350000 25 .35
92.530000 7.120000 70 .35
95.190000 4.320000 37 .35
93.280000 5.900000 306 .35
94.830000 5.030000 44 .35
92.910000 6.200000 29 .35
95.270000 3.170000 201 .35
94.860000 5.110000 41 .35
95.140000 4.730000 47 .35
95.620000 2.910000 50 .35
94.400000 5.470000 41 .35
94.810000 4.930000 90 .35
93.220000 8.110000 74 .35
92.700000 7.140000 77 .35
92.760000 7.190000 68 .35
96.490000 3.180000 51 .35
95.460000 3.240000 191 .35
94.460000 5.390000 45 .35
92.790000 6.360000 72 .35
94.340000 5.350000 56 .35
92.220000 10.580000 74 .35
92.360000 10.670000 78 .35
93.070000 6.500000 50 .35
94.790000 4.920000 48 .35
94.600000 5.120000 72 .35
91.730000 10.560000 82 .35
93.650000 3.530000 229 .35
93.030000 6.720000 57 .35
94.760000 5.590000 44 .35
94.390000 5.490000 51 .35
94.830000 5.320000 43 .35
91.910000 10.630000 60 .35
94.780000 4.870000 85 .35
92.400000 7.590000 70 .35
95.110000 4.930000 43 .35
92.280000 10.530000 59 .35
95.440000 2.900000 18 .35
94.790000 5.060000 42 .35
94.620000 5.550000 45 .35
94.740000 5.120000 60 .35
94.380000 5.620000 45 .35
93.250000 8.860000 279 .35
95.200000 4.800000 45 .35
93.920000 3.130000 53 .35
105.240000 -6.460000 29 .35
95.920000 3.870000 48 .35
92.020000 10.620000 65 .35
94.700000 22.970000 63 .35
97.200000 1.220000 22 .35
94.140000 3.630000 260 .35
94.090000 3.600000 270 .35
94.160000 3.580000 253 .35
94.390000 2.600000 55 .35
94.810000 4.750000 55 .35
94.670000 5.450000 42 .35
94.600000 2.700000 50 .35
94.330000 5.340000 72 .35
91.780000 10.780000 290 .35
94.310000 5.510000 46 .35
94.710000 5.070000 51 .35
93.000000 13.100000 263 .35
93.700000 3.330000 62 .35
93.750000 3.320000 266 .35
94.320000 5.510000 44 .35
94.560000 5.180000 34 .35
94.230000 2.800000 221 .35
94.500000 5.270000 48 .35
92.840000 6.830000 38 .35
95.750000 2.720000 57 .35
94.990000 2.260000 204 .35
93.580000 13.850000 55 .35
95.800000 19.820000 266 .35
95.160000 2.280000 41 .35
92.620000 6.800000 86 .35
95.120000 4.800000 42 .35
94.790000 5.080000 40 .35
94.800000 5.070000 42 .35
98.730000 -0.130000 357 .35
95.160000 4.700000 45 .35
94.420000 5.450000 43 .35
101.610000 -5.640000 26 .35
94.330000 5.230000 57 .35
92.210000 11.400000 77 .35
93.750000 3.260000 227 .35
91.770000 10.830000 98 .35
95.460000 2.880000 38 .35
95.730000 2.890000 52 .35
94.260000 2.740000 51 .35
95.590000 2.910000 49 .35
101.540000 -5.610000 52 .35
91.830000 9.310000 88 .35
93.060000 9.400000 75 .35
94.690000 5.480000 45 .35
92.970000 11.550000 121 .35
94.600000 5.490000 44 .35
93.150000 9.440000 80 .35
94.430000 5.440000 41 .35
102.750000 -5.640000 33 .35
95.090000 4.860000 43 .35
95.670000 4.000000 50 .35
92.570000 12.310000 84 .35
94.370000 5.490000 50 .35
97.110000 2.090000 35 .35
96.580000 2.650000 23 .35
97.260000 1.080000 32 .35
97.760000 1.800000 52 .35
97.330000 2.350000 40 .35
97.320000 1.070000 23 .35
97.100000 1.770000 38 .35
96.940000 1.890000 42 .35
97.720000 0.180000 340 .35
97.240000 2.530000 38 .35
95.410000 2.990000 47 .35
95.420000 2.930000 46 .35
97.170000 1.250000 27 .35
94.370000 5.440000 78 .35
97.160000 1.230000 64 .35
96.720000 2.110000 29 .35
97.070000 1.860000 45 .35
97.190000 1.310000 44 .35
97.120000 1.700000 40 .35
94.580000 5.110000 76 .35
97.210000 1.320000 45 .35
97.740000 0.350000 20 .35
97.090000 1.360000 59 .35
96.370000 2.290000 44 .35
96.690000 2.170000 44 .35
97.090000 2.700000 48 .35
97.240000 1.130000 48 .35
99.840000 -1.730000 60 .35
98.320000 0.370000 39 .35
97.940000 2.020000 37 .35
97.140000 1.170000 52 .35
96.280000 2.970000 297 .35
96.750000 2.090000 37 .35
97.410000 1.030000 75 .35
97.870000 1.610000 45 .35
97.150000 1.280000 29 .35
97.860000 1.970000 3 .35
94.330000 5.260000 38 .35
96.330000 2.190000 90 .35
102.420000 -3.980000 26 .35
96.770000 2.070000 27 .35
97.240000 1.200000 39 .35
97.440000 0.560000 179 .35
97.160000 1.350000 60 .35
97.200000 1.310000 45 .35
99.420000 -1.570000 198 .35
97.160000 1.400000 47 .35
97.270000 1.100000 53 .35
92.230000 10.570000 91 .35
99.610000 -1.640000 233 .35
99.780000 -1.710000 203 .35
99.720000 -1.710000 239 .35
99.640000 -1.630000 15 .35
99.930000 -1.780000 217 .35
99.640000 -1.620000 49 .35
99.620000 -1.650000 264 .35
99.780000 -1.830000 345 .35
99.720000 -1.590000 207 .35
99.800000 -1.700000 9 .35
99.800000 -1.640000 233 .35
99.790000 -1.750000 27 .35
99.560000 -1.540000 238 .35
103.790000 -6.230000 11 .35
99.660000 -1.690000 21 .35
96.760000 2.170000 47 .35
96.830000 2.080000 42 .35
99.730000 -1.730000 82 .35
99.690000 -1.740000 32 .35
99.850000 -1.760000 260 .35
99.450000 -1.590000 218 .35
99.800000 -1.760000 256 .35
99.850000 -1.710000 255 .35
93.700000 3.370000 247 .35
99.880000 -1.710000 12 .35
99.950000 -1.910000 34 .35
104.750000 -6.080000 32 .35
96.330000 2.930000 280 .35
97.110000 1.100000 65 .35
97.660000 1.810000 34 .35
99.560000 -1.620000 170 .35
99.620000 -1.630000 52 .35
97.490000 0.930000 49 .35
96.300000 2.360000 30 .35
95.990000 2.750000 39 .35
96.310000 2.370000 22 .35
97.250000 1.080000 48 .35
94.070000 3.030000 76 .35
97.020000 2.290000 56 .35
97.170000 1.360000 41 .35
93.170000 4.290000 83 .35
96.800000 2.130000 46 .35
97.130000 1.970000 44 .35
99.300000 -1.660000 55 .35
99.860000 -1.620000 208 .35
97.090000 1.300000 56 .35
95.880000 2.460000 39 .35
94.270000 5.230000 65 .35
94.840000 5.100000 44 .35
103.140000 -6.230000 21 .35
97.320000 1.200000 41 .35
97.230000 1.240000 49 .35
97.000000 2.600000 77 .35
94.470000 5.060000 78 .35
96.270000 2.420000 25 .35
98.460000 0.590000 59 .35
98.570000 0.350000 70 .35
93.510000 3.740000 261 .35
97.930000 0.220000 95 .35
97.040000 1.990000 45 .35
97.920000 1.960000 62 .35
97.170000 1.400000 9 .35
94.800000 5.280000 45 .35
97.450000 0.800000 44 .35
94.530000 2.650000 29 .35
95.600000 2.910000 55 .35
97.180000 1.350000 43 .35
96.670000 2.040000 62 .35
94.430000 5.240000 98 .35
94.650000 5.460000 54 .35
94.630000 28.880000 3 .35
97.150000 1.460000 46 .35
96.720000 2.170000 44 .35
97.090000 1.810000 39 .35
97.510000 1.010000 40 .35
94.170000 2.740000 223 .35
94.750000 5.620000 43 .35
96.800000 2.140000 48 .35
97.250000 1.170000 48 .35
96.350000 2.300000 44 .35
94.750000 4.950000 35 .35
92.620000 6.610000 83 .35
107.460000 -7.850000 6 .35
95.150000 4.810000 47 .35
93.270000 4.180000 75 .35
97.140000 1.280000 30 .35
97.250000 1.100000 58 .35
93.610000 13.850000 53 .35
97.080000 1.820000 41 .35
95.060000 2.260000 247 .35
103.550000 -5.920000 16 .35
93.420000 3.960000 70 .35
94.390000 2.630000 5 .35
97.110000 1.330000 10 .35
97.230000 1.270000 45 .35
92.900000 10.350000 70 .35
94.990000 21.010000 15 .35
94.590000 2.590000 47 .35
94.420000 5.460000 70 .35
94.800000 5.110000 45 .35
99.630000 -1.490000 273 .35
96.840000 1.180000 51 .35
96.020000 2.640000 32 .35
93.690000 3.220000 224 .35
93.770000 3.290000 240 .35
97.420000 1.090000 48 .35
94.480000 5.180000 42 .35
97.760000 0.350000 41 .35
97.820000 0.380000 27 .35
97.150000 1.220000 16 .35
94.260000 5.250000 48 .35
92.670000 6.720000 77 .35
94.020000 3.020000 40 .35
97.210000 1.370000 46 .35
94.570000 5.440000 46 .35
96.690000 2.160000 55 .35
94.580000 5.550000 40 .35
97.140000 1.470000 45 .35
92.250000 11.040000 89 .35
97.740000 0.320000 47 .35
99.620000 -1.660000 230 .35
94.790000 5.070000 39 .35
102.700000 -3.800000 327 .35
95.140000 4.750000 6 .35
94.690000 5.500000 51 .35
97.400000 0.630000 50 .35
95.040000 4.860000 39 .35
96.310000 2.430000 50 .35
94.780000 24.560000 66 .35
97.170000 1.340000 12 .35
95.970000 3.980000 357 .35
103.880000 -5.950000 24 .35
97.240000 1.110000 48 .35
94.390000 5.540000 36 .35
107.030000 -7.890000 11 .35
94.280000 5.560000 47 .35
97.870000 1.980000 38 .35
92.300000 10.890000 79 .35
95.100000 4.820000 41 .35
97.950000 2.030000 39 .35
99.530000 -1.460000 217 .35
95.830000 2.740000 24 .35
99.540000 -1.790000 18 .35
96.360000 2.310000 50 .35
96.210000 2.360000 6 .35
97.130000 1.690000 12 .35
84.860000 28.390000 201 .35
97.270000 1.230000 45 .35
95.470000 2.820000 35 .35
96.790000 2.160000 48 .35
103.510000 -4.000000 208 .35
96.940000 0.730000 204 .35
97.270000 1.160000 45 .35
97.240000 1.140000 36 .35
93.820000 3.090000 220 .35
97.160000 1.060000 85 .35
96.280000 2.390000 13 .35
97.200000 1.360000 46 .35
97.330000 0.150000 269 .35
94.520000 5.120000 48 .35
95.920000 2.840000 45 .35
95.140000 4.740000 44 .35
97.900000 0.120000 39 .35
97.860000 0.040000 46 .35
97.530000 0.980000 33 .35
94.750000 4.870000 43 .35
93.270000 13.030000 94 .35
96.070000 2.700000 44 .35
93.000000 4.920000 230 .35
86.380000 27.250000 8 .35
92.410000 11.900000 85 .35
96.450000 2.220000 35 .35
97.100000 1.610000 36 .35
97.220000 1.060000 45 .35
95.450000 2.860000 45 .35
96.250000 2.410000 43 .35
88.390000 27.380000 338 .35
94.440000 5.350000 26 .35
81.340000 -7.670000 314 .35
105.980000 -8.670000 32 .35
106.040000 -8.660000 25 .35
94.690000 5.610000 41 .35
95.900000 2.670000 74 .35
101.440000 -4.550000 23 .35
101.410000 -4.570000 62 .35
107.760000 -7.760000 138 .35
97.080000 1.660000 21 .35
93.640000 13.880000 64 .35
106.720000 -7.370000 9 .35
94.780000 5.070000 37 .35
96.050000 4.130000 80 .35
93.970000 2.940000 245 .35
95.680000 2.720000 57 .35
94.930000 2.270000 285 .35
96.390000 2.410000 35 .35
93.070000 4.750000 65 .35
100.010000 -0.630000 75 .35
93.220000 9.410000 57 .35
97.000000 1.990000 47 .35
102.360000 -4.840000 25 .35
97.160000 1.300000 32 .35
94.320000 23.310000 90 .35
94.440000 5.510000 49 .35
92.460000 6.980000 65 .35
94.570000 5.510000 42 .35
94.370000 2.650000 206 .35
97.130000 1.420000 46 .35
92.450000 6.940000 71 .35
102.150000 -4.750000 116 .35
92.790000 6.500000 77 .35
93.600000 3.720000 76 .35
107.410000 -9.250000 8 .35
105.390000 -6.530000 11 .35
97.150000 1.710000 41 .35
97.180000 1.460000 41 .35
96.350000 2.400000 44 .35
94.660000 5.520000 40 .35
95.100000 4.720000 61 .35
104.150000 28.010000 142 .35
107.940000 -9.160000 36 .35
94.780000 5.120000 35 .35
97.470000 1.070000 20 .35
93.120000 9.450000 84 .35
97.250000 1.320000 11 .35
95.010000 4.940000 216 .35
97.430000 1.110000 45 .35
97.360000 1.040000 38 .35
92.330000 24.540000 159 .35
94.780000 4.750000 50 .35
94.770000 4.740000 57 .35
99.090000 3.400000 101 .35
94.750000 5.080000 44 .35
95.020000 4.820000 41 .35
92.360000 10.650000 74 .35
94.350000 5.450000 42 .35
101.410000 -5.440000 2 .35
97.960000 0.250000 45 .35
92.440000 8.080000 75 .35
101.450000 -5.490000 30 .35
95.810000 2.820000 42 .35
97.110000 1.730000 13 .35
107.190000 -7.820000 324 .35
97.320000 0.450000 15 .35
94.260000 5.210000 46 .35
97.230000 0.640000 0 .35
97.370000 1.070000 48 .35
102.980000 -4.390000 43 .35
96.340000 3.780000 98 .35
97.910000 1.960000 36 .35
102.950000 -4.430000 23 .35
95.700000 2.920000 48 .35
94.640000 5.360000 43 .35
94.620000 5.510000 41 .35
99.870000 -2.330000 37 .35
97.250000 1.250000 41 .35
96.030000 4.110000 39 .35
96.750000 2.010000 46 .35
96.150000 2.670000 37 .35
94.580000 5.420000 43 .35
103.220000 -7.350000 27 .35
104.540000 -5.950000 36 .35
97.460000 5.000000 194 .35
98.000000 2.270000 92 .35
92.520000 7.160000 66 .35
95.610000 19.310000 37 .35
95.610000 19.240000 48 .35
107.680000 -5.930000 352 .35
107.419 -5.859 351 .35
99.320000 1.800000 117 .35
97.750000 0.290000 40 .35
97.800000 0.340000 31 .35
101.370000 -4.440000 33 .35
100.840000 -2.620000 35 .35
99.670000 -1.690000 29 .35
99.630000 -2.130000 42 .35
101.270000 -4.300000 7 .35
101.530000 -3.160000 32 .35
99.950000 -2.230000 41 .35
101.830000 -3.780000 33 .35
100.120000 -2.150000 30 .35
101.170000 -4.070000 32 .35
101.200000 -4.230000 25 .35
101.220000 -4.230000 19 .35
101.190000 -2.790000 33 .35
101.240000 -2.800000 43 .35
99.720000 -1.760000 236 .35
101.110000 -2.760000 37 .35
101.170000 -2.720000 37 .35
101.200000 -2.830000 20 .35
100.770000 -3.640000 32 .35
101.350000 -3.260000 36 .35
100.890000 -2.750000 35 .35
101.230000 -4.300000 50 .35
100.140000 -2.000000 33 .35
99.940000 -2.000000 30 .35
99.930000 -2.130000 39 .35
100.850000 -3.680000 26 .35
100.830000 -3.610000 33 .35
100.380000 -3.160000 36 .35
101.460000 -4.390000 28 .35
100.460000 -1.770000 31 .35
99.490000 -1.790000 33 .35
95.540000 2.920000 46 .35
95.520000 2.900000 51 .35
101.220000 -4.240000 28 .35
99.480000 -1.740000 34 .35
100.980000 -3.900000 37 .35
100.530000 -3.250000 44 .35
101.680000 -3.410000 24 .35
100.480000 -3.210000 35 .35
100.800000 -3.590000 34 .35
100.900000 -3.580000 29 .35
99.900000 -2.000000 36 .35
101.020000 -3.900000 33 .35
100.790000 -3.540000 36 .35
101.280000 -2.990000 36 .35
100.540000 -3.270000 31 .35
100.690000 -0.880000 102 .35
96.360000 3.060000 24 .35
95.060000 4.740000 40 .35
101.160000 -2.810000 36 .35
101.140000 -2.860000 34 .35
97.880000 1.980000 36 .35
101.360000 -4.620000 37 .35
105.990000 -7.070000 75 .35
94.570000 23.500000 187 .35
96.800000 2.090000 51 .35
101.030000 -2.780000 39 .35
94.680000 5.480000 36 .35
92.330000 22.760000 67 .35
92.870000 10.410000 71 .35
97.440000 1.010000 48 .35
97.160000 1.340000 53 .35
101.220000 -2.830000 37 .35
97.270000 1.030000 44 .35
101.210000 -3.010000 36 .35
100.930000 -3.290000 30 .35
99.950000 -2.430000 37 .35
95.960000 2.770000 40 .35
99.880000 -2.320000 36 .35
99.960000 -2.510000 32 .35
101.990000 -3.740000 30 .35
99.950000 -2.340000 34 .35
99.930000 -2.400000 35 .35
99.970000 -2.490000 34 .35
99.890000 -2.330000 35 .35
99.810000 -2.240000 34 .35
101.060000 -3.860000 23 .35
93.480000 3.930000 63 .35
99.820000 -2.180000 28 .35
94.820000 5.080000 37 .35
99.790000 -2.230000 43 .35
100.810000 -3.760000 20 .35
94.590000 2.700000 50 .35
101.100000 -2.900000 36 .35
95.300000 2.860000 45 .35
102.720000 -4.350000 27 .35
101.410000 -3.270000 36 .35
107.880000 -7.780000 3 .35
101.320000 -3.020000 31 .35
94.700000 5.510000 27 .35
95.090000 4.680000 42 .35
101.390000 -3.180000 34 .35
101.470000 -3.180000 32 .35
102.460000 -4.190000 23 .35
101.270000 -4.130000 30 .35
101.100000 -4.450000 35 .35
97.760000 0.350000 37 .35
99.970000 -2.080000 31 .35
97.480000 0.820000 42 .35
92.700000 6.790000 71 .35
101.430000 -3.180000 41 .35
97.160000 1.320000 31 .35
97.190000 1.340000 41 .35
95.330000 25.970000 172 .35
96.550000 2.230000 40 .35
91.660000 11.610000 106 .35
93.580000 13.860000 53 .35
101.080000 -3.940000 34 .35
100.990000 -3.910000 45 .35
103.060000 -3.930000 167 .35
96.320000 2.510000 39 .35
102.220000 -5.210000 12 .35
81.680000 -3.330000 131 .35
97.250000 1.140000 40 .35
101.260000 -4.350000 29 .35
101.750000 -4.740000 29 .35
100.750000 -3.650000 34 .35
101.040000 -2.830000 36 .35
103.510000 -6.070000 34 .35
95.040000 4.830000 39 .35
101.220000 -4.300000 30 .35
101.300000 -4.330000 33 .35
94.170000 6.450000 8 .35
100.720000 -3.530000 26 .35
98.180000 -0.350000 28 .35
98.270000 -0.260000 36 .35
98.550000 0.480000 35 .35
97.180000 1.440000 41 .35
95.050000 4.670000 33 .35
94.310000 5.260000 42 .35
100.630000 -3.510000 34 .35
94.440000 6.260000 4 .35
97.290000 1.180000 46 .35
100.410000 -3.090000 35 .35
100.470000 -3.120000 35 .35
100.320000 -3.330000 39 .35
99.090000 2.800000 58 .35
101.140000 -5.440000 357 .35
102.900000 -4.890000 46 .35
103.050000 -4.990000 28 .35
102.300000 -2.580000 112 .35
102.910000 -4.800000 28 .35
101.700000 -5.500000 5 .35
101.580000 -5.520000 5 .35
108.740000 -8.800000 5 .35
94.790000 24.320000 151 .35
99.490000 -1.480000 248 .35
99.430000 -1.450000 254 .35
99.270000 -1.530000 263 .35
99.550000 -1.380000 272 .35
99.420000 -1.450000 266 .35
97.950000 -0.910000 40 .35
99.370000 -1.370000 221 .35
99.480000 -1.420000 266 .35
99.570000 -1.650000 232 .35
94.660000 5.470000 55 .35
95.100000 25.280000 60 .35
99.470000 -1.360000 197 .35
107.300000 -7.780000 108 .35
94.680000 24.330000 165 .35
104.790000 -6.290000 39 .35
94.320000 5.260000 82 .35
102.670000 -4.500000 52 .35
91.440000 27.330000 7 .35
94.790000 20.400000 46 .35
99.870000 -0.720000 103 .35
105.220000 -6.530000 15 .35
91.420000 27.260000 6 .35
102.980000 -5.000000 23 .35
103.120000 -4.730000 27 .35
95.910000 2.770000 44 .35
91.820000 22.000000 70 .35
99.390000 -1.430000 249 .35
94.810000 24.360000 154 .35
102.690000 -4.260000 39 .35
99.090000 -0.320000 21 .35
100.910000 -2.880000 26 .35
94.290000 2.780000 222 .35
105.930000 -7.280000 42 .35
94.710000 23.200000 353 .35
100.980000 -3.760000 34 .35
94.620000 23.060000 137 .35
97.200000 1.340000 42 .35
83.730000 -2.720000 344 .35
102.830000 -4.640000 24 .35
100.140000 -2.150000 31 .35
97.050000 2.380000 39 .35
101.100000 -4.050000 35 .35
101.000000 -3.880000 31 .35
96.020000 3.750000 40 .35
95.850000 3.500000 38 .35
107.220000 -7.840000 261 .35
100.970000 -3.860000 39 .35
93.450000 11.120000 166 .35
108.280000 -9.560000 27 .35
93.090000 13.200000 243 .35
101.340000 -4.490000 32 .35
97.190000 1.240000 52 .35
92.250000 10.230000 78 .35
80.400000 29.840000 355 .35
97.140000 1.390000 49 .35
104.620000 -6.500000 19 .35
103.960000 -6.350000 28 .35
107.060000 -7.490000 9 .35
96.720000 2.220000 40 .35
103.580000 -4.120000 181 .35
103.460000 -6.910000 14 .35
96.950000 1.950000 37 .35
94.740000 5.000000 39 .35
94.740000 5.050000 36 .35
95.390000 3.660000 75 .35
94.340000 6.630000 1 .35
100.080000 -3.490000 40 .35
100.380000 -2.950000 38 .35
100.460000 -3.290000 34 .35
99.890000 -2.340000 30 .35
104.060000 -6.340000 27 .35
99.420000 -1.740000 31 .35
107.210000 -7.860000 97 .35
106.930000 -8.020000 6 .35
100.180000 -3.770000 28 .35
104.010000 -6.260000 38 .35
96.000000 3.880000 62 .35
94.670000 5.420000 37 .35
95.890000 2.710000 43 .35
95.960000 3.950000 31 .35
101.430000 -4.460000 39 .35
100.000000 -2.650000 39 .35
105.080000 -6.960000 8 .35
96.290000 2.490000 45 .35
96.290000 2.400000 53 .35
100.540000 -3.610000 34 .35
102.650000 -5.030000 35 .35
96.400000 2.630000 43 .35
95.520000 2.890000 38 .35
95.520000 2.900000 50 .35
102.140000 -4.250000 35 .35
96.830000 2.200000 48 .35
96.760000 1.990000 51 .35
94.680000 24.640000 52 .35
98.820000 0.810000 96 .35
97.890000 1.900000 39 .35
97.450000 0.830000 66 .35
80.760000 29.690000 6 .35
106.220000 -6.930000 25 .35
97.100000 1.620000 45 .35
108.520000 -8.040000 73 .35
100.630000 -3.530000 51 .35
101.850000 -4.890000 41 .35
103.480000 -5.710000 33 .35
101.360000 -3.250000 37 .35
98.720000 25.080000 13 .35
101.890000 -5.040000 37 .35
97.170000 1.420000 51 .35
106.460000 -7.200000 42 .35
101.100000 -2.830000 37 .35
101.090000 -2.910000 36 .35
102.400000 -4.250000 21 .35
94.950000 4.740000 35 .35
104.050000 -6.280000 32 .35
96.350000 2.480000 32 .35
103.710000 -6.140000 33 .35
103.050000 -4.070000 297 .35
99.940000 -2.460000 40 .35
101.350000 -3.250000 34 .35
95.240000 24.950000 194 .35
99.450000 -2.220000 52 .35
99.450000 -2.270000 53 .35
97.870000 0.170000 43 .35
102.180000 -4.320000 38 .35
104.340000 -5.840000 22 .35
99.070000 -0.940000 12 .35
96.270000 2.400000 43 .35
96.680000 2.070000 56 .35
102.200000 -3.680000 58 .35
94.400000 4.990000 75 .35
102.710000 -4.320000 32 .35
95.110000 4.620000 43 .35
94.570000 5.410000 40 .35
100.430000 -3.350000 49 .35
93.790000 3.310000 223 .35
92.140000 0.240000 153 .35
105.460000 -6.810000 46 .35
94.080000 2.840000 241 .35
93.820000 3.250000 221 .35
93.850000 3.260000 226 .35
93.820000 3.270000 242 .35
93.350000 2.150000 13 .35
93.720000 3.270000 211 .35
94.460000 2.700000 55 .35
100.440000 -3.340000 45 .35
94.510000 2.700000 57 .35
105.420000 -8.350000 48 .35
94.470000 2.640000 226 .35
100.150000 -2.820000 27 .35
106.370000 -7.690000 21 .35
94.670000 5.480000 35 .35
105.490000 -5.680000 48 .35
100.990000 -2.920000 38 .35
103.190000 -4.930000 32 .35
100.590000 -3.640000 43 .35
109.100000 -7.980000 6 .35
102.790000 -4.380000 5 .35
96.040000 2.710000 46 .35
104.420000 -6.000000 29 .35
100.470000 -1.760000 42 .35
96.960000 1.900000 49 .35
94.750000 5.060000 35 .35
103.000000 -4.750000 29 .35
82.690000 28.470000 24 .35
103.990000 27.580000 146 .35
100.590000 -3.320000 40 .35
103.740000 -6.170000 44 .35
89.700000 2.610000 119 .35
101.920000 -2.920000 341 .35
92.820000 26.880000 239 .35
97.670000 -0.430000 62 .35
98.380000 0.880000 78 .35
107.530000 -6.760000 163 .35
97.460000 0.890000 58 .35
106.670000 -7.370000 358 .35
102.830000 -4.530000 34 .35
93.640000 13.850000 47 .35
94.780000 22.440000 166 .35
95.050000 25.330000 47 .35
95.100000 4.720000 39 .35
101.300000 -2.990000 38 .35
94.980000 4.570000 45 .35
104.380000 -6.550000 23 .35
107.290000 -7.000000 32 .35
92.220000 24.680000 359 .35
95.830000 2.710000 32 .35
95.650000 19.220000 228 .35
102.530000 -4.150000 32 .35
95.750000 19.250000 60 .35
98.640000 0.220000 44 .35
106.070000 -7.090000 17 .35
95.620000 19.260000 240 .35
95.150000 28.890000 30 .35
104.960000 28.380000 96 .35
95.920000 3.890000 39 .35
107.910000 -9.160000 35 .35
107.440000 -9.330000 19 .35
102.380000 -4.940000 49 .35
82.280000 28.660000 19 .35
100.560000 -3.270000 36 .35
100.460000 -3.360000 41 .35
97.970000 5.380000 346 .35
94.430000 22.040000 74 .35
94.730000 23.940000 21 .35
100.400000 -3.290000 48 .35
94.380000 5.360000 40 .35
103.040000 -4.740000 45 .35
91.750000 1.250000 122 .35
88.400000 27.290000 355 .35
103.090000 -5.800000 30 .35
95.860000 3.960000 41 .35
107.800000 -8.110000 1 .35
94.460000 5.390000 37 .35
107.930000 -7.870000 2 .35
98.560000 0.260000 85 .35
96.830000 2.040000 49 .35
96.680000 2.030000 51 .35
91.510000 1.350000 177 .35
102.850000 -4.920000 30 .35
109.260000 -8.230000 166 .35
109.290000 -8.050000 161 .35
97.260000 1.210000 50 .35
97.140000 1.190000 77 .35
94.260000 7.300000 182 .35
103.810000 -4.560000 159 .35
100.430000 -3.990000 48 .35
102.280000 -5.240000 56 .35
103.620000 28.170000 145 .35
97.970000 1.960000 38 .35
97.880000 1.870000 39 .35
109.120000 -8.490000 331 .35
92.760000 4.250000 315 .35
93.860000 3.150000 225 .35
102.640000 -6.950000 37 .35
104.120000 -6.340000 24 .35
108.050000 -7.760000 6 .35
96.940000 1.930000 48 .35
94.650000 5.400000 44 .35
94.450000 6.040000 10 .35
97.260000 1.150000 51 .35
97.240000 1.130000 53 .35
104.620000 -6.220000 31 .35
93.870000 12.870000 196 .35
97.220000 1.050000 62 .35
93.440000 3.950000 82 .35
107.170000 -6.500000 178 .35
103.950000 -6.020000 127 .35
95.070000 4.780000 22 .35
105.990000 -7.180000 10 .35
97.920000 1.650000 77 .35
100.140000 -3.830000 46 .35
95.770000 2.720000 37 .35
86.370000 27.740000 27 .35
102.180000 -6.130000 55 .35
103.200000 29.350000 250 .35
102.790000 -4.760000 341 .35
95.190000 25.020000 48 .35
97.240000 1.340000 51 .35
104.890000 28.350000 122 .35
98.720000 -0.780000 41 .35
96.790000 2.000000 38 .35
93.380000 9.890000 133 .35
102.660000 -4.460000 53 .35
105.330000 -6.710000 343 .35
102.480000 -5.680000 33 .35
82.390000 28.900000 240 .35
84.710000 28.150000 11 .35
84.820000 28.220000 355 .35
86.020000 27.770000 11 .35
85.810000 27.770000 8 .35
86.070000 27.810000 9 .35
86.160000 27.620000 0 .35
86.070000 27.560000 1 .35
93.580000 14.010000 68 .35
94.740000 4.990000 45 .35
96.230000 19.080000 222 .35
94.720000 5.060000 37 .35
108.920000 -8.250000 168 .35
95.120000 4.680000 44 .35
107.220000 -8.040000 114 .35
103.710000 -6.030000 33 .35
103.640000 -6.080000 33 .35
107.400000 -8.050000 39 .35
100.300000 27.550000 276 .35
98.040000 0.580000 198 .35
94.860000 22.450000 240 .35
106.020000 -6.950000 115 .35
102.970000 -4.960000 28 .35
81.650000 29.400000 12 .35
107.020000 -8.370000 13 .35
96.690000 2.070000 58 .35
107.390000 -8.200000 11 .35
102.190000 -4.170000 29 .35
94.860000 23.100000 179 .35
100.490000 -3.620000 38 .35
96.210000 2.350000 40 .35
104.630000 -5.030000 171 .35
107.560000 -8.070000 359 .35
101.270000 -3.330000 36 .35
99.410000 -2.190000 46 .35
97.410000 0.980000 53 .35
102.300000 -4.510000 99 .35
94.570000 21.510000 164 .35
96.750000 2.010000 38 .35
94.930000 21.310000 349 .35
104.160000 -5.960000 40 .35
94.700000 23.900000 164 .35
94.570000 20.920000 74 .35
100.180000 -2.910000 33 .35
98.610000 0.550000 43 .35
101.770000 -4.910000 50 .35
102.750000 -4.430000 36 .35
86.530000 27.800000 10 .35
80.630000 29.980000 20 .35
96.690000 3.490000 11 .35
96.210000 5.300000 113 .35
94.610000 5.410000 35 .35
105.730000 29.470000 302 .35
108.800000 -8.750000 9 .35
100.350000 -1.720000 35 .35
102.720000 -5.270000 33 .35
94.560000 5.420000 40 .35
104.830000 28.180000 133 .35
107.390000 -7.520000 15 .35
96.070000 5.300000 179 .35
96.150000 5.250000 152 .35
102.020000 -4.210000 34 .35
102.190000 -6.260000 37 .35
95.860000 3.640000 67 .35
104.370000 -6.040000 47 .35
99.630000 -2.160000 48 .35
108.020000 -7.740000 6 .35
105.980000 -7.410000 24 .35
98.980000 2.750000 73 .35
101.380000 -5.660000 47 .35
102.240000 -2.670000 127 .35
108.990000 -8.160000 4 .35
101.620000 -3.770000 41 .35
99.890000 -2.300000 46 .35
99.690000 -1.160000 51 .35
104.960000 -6.040000 134 .35
93.110000 9.280000 88 .35
93.160000 10.240000 35 .35
102.100000 -3.370000 114 .35
95.790000 -7.360000 5 .35
104.610000 -6.510000 32 .35
94.980000 29.830000 228 .35
96.980000 1.370000 47 .35
102.950000 -5.030000 27 .35
106.820000 -7.880000 43 .35
101.040000 -2.810000 38 .35
94.900000 24.740000 291 .35
96.070000 18.370000 230 .35
93.160000 12.350000 156 .35
96.150000 18.390000 248 .35
105.940000 -7.410000 14 .35
102.850000 -4.540000 34 .35
103.890000 -6.530000 45 .35
105.530000 -6.980000 24 .35
96.160000 18.320000 236 .35
96.140000 18.360000 227 .35
104.910000 -6.340000 43 .35
93.580000 7.550000 82 .35
95.060000 4.570000 46 .35
93.430000 9.520000 28 .35
97.100000 1.390000 53 .35
96.990000 27.180000 15 .35
95.100000 24.600000 35 .35
98.590000 -2.020000 49 .35
98.690000 -1.950000 48 .35
98.670000 -1.930000 45 .35
98.640000 -1.930000 50 .35
96.070000 18.270000 246 .35
103.390000 -5.790000 51 .35
99.840000 -1.690000 196 .35
99.430000 -2.350000 42 .35
99.470000 -2.290000 58 .35
98.320000 0.630000 193 .35
96.890000 0.820000 70 .35
97.820000 4.560000 238 .35
95.900000 3.880000 44 .35
106.030000 -6.180000 107 .35
101.820000 -3.760000 37 .35
94.740000 4.990000 42 .35
96.920000 27.200000 354 .35
100.930000 -2.970000 25 .35
101.520000 -3.530000 30 .35
98.750000 -1.550000 31 .35
94.560000 5.380000 39 .35
99.680000 -2.450000 50 .35
104.920000 28.190000 133 .35
106.570000 -7.880000 10 .35
101.280000 -3.390000 36 .35
104.190000 -6.840000 34 .35
100.010000 -2.830000 44 .35
100.070000 -2.850000 41 .35
100.130000 -2.880000 37 .35
100.100000 -2.970000 46 .35
98.040000 -0.430000 41 .35
96.360000 27.330000 37 .35
104.610000 29.470000 112 .35
99.890000 -2.050000 41 .35
97.830000 1.920000 36 .35
98.780000 1.120000 110 .35
94.560000 28.410000 7 .35
102.140000 -4.270000 94 .35
102.030000 -5.400000 35 .35
97.720000 0.380000 44 .35
97.740000 0.340000 34 .35
108.950000 -8.200000 24 .35
99.030000 -0.300000 24 .35
104.870000 28.440000 236 .35
104.990000 28.400000 215 .35
104.810000 28.400000 100 .35
104.840000 28.490000 120 .35
87.110000 9.380000 181 .35
92.830000 27.720000 313 .35
92.800000 27.740000 321 .35
106.140000 -6.980000 9 .35
104.790000 -7.280000 335 .35
99.390000 -0.740000 47 .35
102.910000 -7.110000 54 .35
102.940000 -7.220000 53 .35
104.930000 29.530000 115 .35
91.650000 10.980000 98 .35
101.190000 -4.480000 38 .35
101.130000 -4.430000 40 .35
99.590000 -2.640000 44 .35
99.860000 -2.380000 47 .35
97.400000 0.830000 64 .35
81.140000 29.320000 5 .35
97.890000 -0.890000 61 .35
106.690000 22.940000 114 .35
106.730000 22.920000 127 .35
100.940000 -2.970000 38 .35
104.950000 29.610000 103 .35
92.400000 7.070000 230 .35
107.440000 -8.010000 17 .35
96.360000 2.350000 46 .35
99.900000 -1.910000 43 .35
99.880000 -1.970000 56 .35
103.120000 -3.950000 300 .35
103.010000 -5.850000 27 .35
94.030000 22.800000 257 .35
