97.070000 26.680000 238 .1
99.860000 1.580000 310 .1
101.980000 -4.440000 213 .1
98.680000 0.670000 220 .1
101.490000 -3.100000 213 .1
102.230000 -4.600000 210 .1
107.640000 -8.170000 111 .1
107.570000 -7.760000 185 .1
107.090000 -6.570000 337 .1
102.020000 -4.350000 215 .1
93.020000 12.800000 92 .1
93.070000 12.860000 66 .1
102.890000 -4.230000 194 .1
94.720000 23.090000 291 .1
103.970000 -5.850000 205 .1
102.810000 -5.120000 194 .1
102.360000 -5.060000 206 .1
84.280000 -0.910000 347 .1
102.410000 -4.020000 206 .1
93.690000 20.890000 35 .1
101.250000 -4.080000 215 .1
96.330000 5.230000 6 .1
98.130000 -1.240000 238 .1
98.220000 -1.210000 239 .1
98.250000 -0.390000 226 .1
100.960000 -1.080000 312 .1
94.720000 24.500000 331 .1
94.410000 7.310000 339 .1
95.260000 24.900000 305 .1
98.760000 -4.430000 98 .1
102.320000 -6.370000 201 .1
108.860000 -8.710000 195 .1
103.040000 -5.710000 190 .1
106.040000 -7.210000 191 .1
108.250000 -7.660000 313 .1
102.020000 -4.440000 214 .1
97.040000 27.090000 53 .1
92.610000 6.700000 276 .1
100.100000 0.610000 308 .1
103.170000 -5.590000 263 .1
108.790000 -8.080000 323 .1
101.200000 -2.790000 203 .1
81.260000 29.330000 188 .1
81.090000 29.600000 198 .1
94.700000 15.870000 29 .1
102.410000 -5.130000 214 .1
103.120000 -5.370000 206 .1
93.900000 22.720000 75 .1
97.310000 0.150000 258 .1
98.070000 2.060000 216 .1
102.910000 -5.430000 203 .1
102.930000 -5.420000 215 .1
95.380000 24.940000 59 .1
94.590000 22.960000 227 .1
95.130000 22.490000 218 .1
106.460000 -8.810000 195 .1
92.910000 12.140000 61 .1
100.590000 -1.530000 220 .1
102.420000 -6.180000 209 .1
97.780000 4.400000 261 .1
101.920000 -4.600000 284 .1
97.020000 2.480000 233 .1
86.350000 18.660000 181 .1
103.160000 -4.740000 196 .1
103.050000 -4.740000 200 .1
108.650000 -7.450000 322 .1
107.190000 -8.090000 192 .1
92.990000 11.690000 248 .1
101.260000 -3.160000 231 .1
102.990000 -6.750000 206 .1
93.640000 12.950000 264 .1
94.810000 5.730000 168 .1
99.070000 14.950000 356 .1
99.080000 14.930000 348 .1
99.600000 -1.810000 195 .1
103.230000 -4.730000 204 .1
94.780000 5.720000 301 .1
105.630000 -6.750000 190 .1
87.490000 3.250000 344 .1
95.200000 24.570000 248 .1
103.540000 -4.660000 151 .1
103.170000 -5.830000 189 .1
104.030000 -6.360000 180 .1
102.450000 -5.080000 201 .1
103.570000 -7.130000 220 .1
94.650000 24.500000 328 .1
106.910000 -7.710000 190 .1
105.340000 -6.630000 178 .1
100.030000 -1.020000 225 .1
98.920000 0.990000 310 .1
98.040000 0.190000 218 .1
107.970000 -7.940000 186 .1
92.840000 24.600000 219 .1
98.830000 1.640000 344 .1
104.540000 -5.900000 207 .1
105.470000 -6.620000 180 .1
96.050000 26.180000 272 .1
107.980000 -7.720000 190 .1
95.130000 29.160000 22 .1
107.100000 -6.890000 221 .1
104.240000 -6.240000 204 .1
99.900000 -0.850000 228 .1
94.570000 22.890000 307 .1
95.000000 4.400000 38 .1
106.450000 -7.320000 242 .1
93.510000 9.090000 317 .1
98.040000 2.050000 219 .1
93.360000 13.050000 275 .1
96.290000 26.760000 247 .1
102.700000 -4.290000 205 .1
105.440000 -6.520000 220 .1
102.060000 -4.610000 199 .1
104.900000 -6.270000 216 .1
94.440000 23.060000 344 .1
105.260000 -7.910000 167 .1
104.260000 -5.760000 234 .1
99.120000 0.960000 258 .1
102.750000 -4.500000 191 .1
93.460000 11.030000 328 .1
94.480000 4.660000 5 .1
98.230000 -1.110000 233 .1
103.380000 -4.640000 192 .1
95.120000 25.140000 238 .1
100.750000 -1.340000 228 .1
95.160000 25.330000 242 .1
107.190000 -7.740000 25 .1
86.610000 26.780000 227 .1
95.140000 25.310000 48 .1
101.920000 -5.010000 235 .1
85.540000 27.700000 196 .1
99.420000 23.380000 96 .1
97.160000 1.870000 209 .1
102.890000 -5.520000 179 .1
92.370000 24.360000 271 .1
101.470000 -4.290000 217 .1
101.430000 -4.220000 206 .1
101.390000 -4.210000 216 .1
102.990000 -5.470000 257 .1
101.390000 -4.180000 195 .1
87.000000 -3.880000 141 .1
102.030000 -4.470000 216 .1
94.580000 22.800000 307 .1
96.150000 2.710000 215 .1
102.760000 -5.060000 250 .1
92.210000 -8.550000 95 .1
102.930000 -4.430000 190 .1
106.530000 -8.750000 39 .1
95.280000 24.750000 357 .1
96.100000 3.850000 223 .1
109.070000 -8.110000 188 .1
108.110000 -6.930000 35 .1
95.330000 3.740000 40 .1
105.320000 -6.550000 166 .1
98.410000 -0.440000 189 .1
102.400000 -3.960000 196 .1
100.930000 -3.470000 198 .1
108.860000 -8.660000 175 .1
97.190000 3.730000 56 .1
97.380000 3.910000 24 .1
98.710000 0.590000 217 .1
84.610000 -2.860000 30 .1
102.360000 -3.980000 198 .1
82.810000 -3.420000 16 .1
103.910000 -6.010000 220 .1
102.510000 -5.490000 207 .1
104.860000 -6.010000 178 .1
99.920000 -1.120000 227 .1
93.850000 12.480000 321 .1
95.420000 3.800000 36 .1
102.880000 -4.240000 213 .1
102.070000 -3.610000 215 .1
93.090000 24.670000 240 .1
103.180000 -4.920000 211 .1
86.980000 9.270000 149 .1
109.120000 -7.150000 38 .1
103.150000 -5.770000 207 .1
103.220000 -5.680000 195 .1
95.240000 24.820000 233 .1
104.570000 -4.300000 345 .1
94.910000 24.300000 235 .1
103.070000 -5.410000 206 .1
103.020000 -5.500000 192 .1
104.350000 -6.110000 182 .1
103.010000 -5.360000 221 .1
102.860000 -5.570000 212 .1
101.820000 -3.070000 8 .1
84.960000 -3.070000 22 .1
93.620000 11.620000 265 .1
106.950000 -8.110000 205 .1
102.990000 -5.790000 189 .1
101.960000 -4.860000 202 .1
102.400000 -4.070000 204 .1
99.680000 -1.620000 205 .1
94.720000 6.530000 128 .1
102.600000 -4.320000 183 .1
96.160000 2.940000 222 .1
102.900000 -5.240000 205 .1
92.510000 11.790000 263 .1
98.020000 1.920000 225 .1
106.130000 -7.090000 184 .1
98.680000 -0.560000 219 .1
103.740000 -4.820000 287 .1
99.810000 -2.010000 219 .1
99.800000 -2.000000 218 .1
99.720000 -2.060000 217 .1
99.580000 -2.070000 225 .1
99.540000 -1.860000 217 .1
104.440000 -5.800000 214 .1
109.060000 -8.000000 192 .1
107.550000 -5.920000 174 .1
101.470000 -3.140000 212 .1
95.220000 24.720000 347 .1
104.930000 -6.210000 196 .1
96.270000 3.030000 219 .1
97.620000 4.220000 203 .1
104.600000 -5.900000 203 .1
103.850000 29.090000 239 .1
106.570000 -7.310000 181 .1
95.870000 3.000000 221 .1
105.080000 -6.400000 150 .1
95.330000 25.010000 225 .1
95.140000 25.260000 19 .1
96.210000 2.980000 207 .1
103.940000 -5.700000 180 .1
106.290000 -6.980000 191 .1
103.230000 -4.930000 207 .1
95.940000 3.090000 225 .1
101.930000 -4.540000 206 .1
102.820000 -4.270000 208 .1
99.680000 -2.020000 211 .1
99.620000 -1.960000 207 .1
96.070000 2.780000 217 .1
92.640000 24.500000 47 .1
107.490000 -7.940000 189 .1
103.190000 -4.740000 197 .1
104.100000 -6.230000 220 .1
80.530000 29.840000 212 .1
105.510000 -6.610000 193 .1
102.140000 -3.370000 194 .1
101.550000 -3.150000 219 .1
99.740000 -1.870000 214 .1
80.040000 23.080000 151 .1
97.600000 1.070000 235 .1
97.600000 1.070000 227 .1
94.880000 21.820000 188 .1
93.160000 23.890000 291 .1
99.910000 -1.970000 215 .1
102.840000 -4.450000 176 .1
104.010000 -6.380000 200 .1
103.190000 -4.960000 214 .1
94.200000 6.880000 340 .1
92.700000 22.210000 353 .1
99.260000 -0.540000 214 .1
99.480000 -2.230000 199 .1
99.630000 -2.190000 208 .1
104.060000 -6.310000 207 .1
102.190000 -4.250000 190 .1
103.070000 -4.690000 203 .1
107.200000 -7.580000 196 .1
106.950000 -7.770000 166 .1
92.810000 27.770000 112 .1
106.870000 -6.380000 342 .1
92.510000 11.050000 249 .1
102.960000 -5.160000 197 .1
104.260000 -5.900000 216 .1
107.860000 -7.610000 327 .1
103.030000 -4.480000 215 .1
101.960000 -4.760000 215 .1
99.230000 -0.240000 222 .1
104.720000 -6.470000 196 .1
103.860000 -5.970000 218 .1
104.220000 -6.190000 210 .1
96.040000 3.370000 211 .1
107.560000 -5.810000 163 .1
102.370000 -4.140000 223 .1
102.940000 -5.300000 28 .1
102.660000 -4.080000 206 .1
102.190000 -5.410000 244 .1
106.460000 -6.320000 99 .1
106.140000 -6.580000 311 .1
102.090000 -6.010000 241 .1
107.090000 -7.090000 341 .1
97.210000 4.570000 177 .1
106.610000 -8.950000 197 .1
103.080000 -4.740000 272 .1
109.590000 -9.190000 189 .1
98.040000 2.010000 313 .1
98.000000 -0.850000 229 .1
102.660000 -4.910000 214 .1
106.660000 -7.360000 195 .1
102.010000 -4.140000 212 .1
102.129 -4.405 301 .1
102.690000 -5.000000 202 .1
102.700000 -5.090000 213 .1
97.240000 26.860000 256 .1
101.900000 -4.610000 283 .1
97.020000 26.590000 63 .1
102.750000 -5.330000 251 .1
102.760000 -5.360000 231 .1
102.050000 -4.480000 252 .1
101.490000 -5.540000 221 .1
102.730000 -4.820000 231 .1
94.690000 24.510000 334 .1
101.970000 -4.630000 220 .1
103.760000 -4.470000 159 .1
102.370000 -4.070000 204 .1
102.690000 -6.030000 208 .1
102.710000 -5.200000 154 .1
96.590000 1.440000 227 .1
101.820000 -5.430000 206 .1
107.880000 -6.650000 239 .1
92.950000 10.000000 57 .1
94.860000 23.870000 245 .1
92.860000 9.980000 57 .1
105.630000 -6.550000 196 .1
92.980000 9.940000 65 .1
102.600000 -4.860000 210 .1
108.890000 -8.700000 204 .1
101.780000 -4.020000 209 .1
101.600000 -4.190000 229 .1
101.750000 -4.050000 225 .1
99.250000 -0.200000 275 .1
102.560000 -4.680000 211 .1
102.490000 -5.160000 207 .1
102.760000 -4.780000 209 .1
102.740000 -4.780000 218 .1
102.730000 -5.090000 225 .1
102.450000 -4.900000 192 .1
97.680000 0.340000 229 .1
102.190000 -5.360000 197 .1
106.120000 -7.210000 194 .1
102.630000 -4.890000 215 .1
101.630000 -4.190000 226 .1
102.200000 -4.380000 286 .1
95.040000 24.630000 344 .1
106.490000 -9.180000 72 .1
101.080000 -3.630000 209 .1
93.530000 12.280000 267 .1
97.780000 0.410000 220 .1
107.210000 -7.740000 277 .1
98.540000 0.290000 236 .1
94.990000 24.430000 245 .1
80.210000 11.960000 140 .1
81.750000 29.610000 194 .1
81.750000 29.550000 209 .1
101.900000 -4.760000 215 .1
97.920000 1.950000 193 .1
101.440000 -4.040000 194 .1
102.340000 -5.630000 239 .1
95.630000 3.490000 241 .1
95.610000 3.510000 214 .1
95.660000 3.540000 37 .1
95.660000 3.530000 29 .1
95.680000 3.480000 352 .1
104.590000 -5.880000 196 .1
101.380000 -4.120000 220 .1
98.680000 -0.500000 234 .1
103.130000 -4.800000 250 .1
107.870000 -7.640000 182 .1
102.060000 -5.820000 217 .1
101.700000 -5.840000 244 .1
102.560000 -2.340000 220 .1
104.180000 -6.960000 202 .1
103.990000 -6.980000 99 .1
84.79 27.11 71 .1
87.93 28.21 271 .1
104.600000 -6.350000 187 .1
93.430000 8.340000 327 .1
105.710000 -6.750000 188 .1
104.880000 -6.200000 202 .1
93.070000 13.040000 67 .1
93.160000 13.060000 66 .1
93.170000 13.110000 292 .1
101.380000 -3.250000 201 .1
103.030000 -5.860000 211 .1
94.420000 6.030000 184 .1
96.080000 2.820000 225 .1
96.390000 2.950000 248 .1
104.570000 -5.650000 201 .1
96.090000 3.010000 217 .1
102.180000 -4.210000 318 .1
104.040000 -5.650000 136 .1
105.640000 -6.610000 308 .1
98.600000 0.540000 217 .1
97.960000 0.200000 243 .1
95.240000 19.890000 236 .1
103.680000 -5.510000 204 .1
95.430000 4.000000 30 .1
101.200000 -2.730000 205 .1
103.210000 -4.680000 206 .1
103.680000 -7.020000 194 .1
103.690000 -7.030000 273 .1
107.320000 -8.060000 147 .1
108.370000 -9.530000 198 .1
95.760000 2.770000 238 .1
102.060000 -3.640000 210 .1
93.600000 6.680000 207 .1
92.310000 22.850000 258 .1
92.340000 22.830000 274 .1
102.120000 -5.640000 187 .1
96.820000 2.080000 228 .1
96.070000 2.590000 218 .1
102.840000 -4.440000 224 .1
103.570000 -5.630000 257 .1
103.250000 -4.820000 193 .1
103.770000 -6.100000 204 .1
95.740000 19.810000 66 .1
102.630000 -4.070000 212 .1
93.250000 13.040000 306 .1
106.270000 -6.960000 199 .1
95.700000 19.850000 76 .1
102.810000 -5.560000 191 .1
102.030000 -5.800000 24 .1
94.710000 4.150000 335 .1
105.870000 -8.570000 214 .1
100.650000 -0.470000 15 .1
102.330000 -6.160000 236 .1
102.220000 -6.130000 192 .1
104.530000 -5.800000 210 .1
101.940000 -5.110000 225 .1
105.440000 -6.650000 170 .1
100.540000 -1.550000 215 .1
93.220000 13.110000 288 .1
102.720000 -5.210000 219 .1
102.200000 -4.280000 213 .1
93.190000 13.090000 297 .1
106.180000 -6.940000 183 .1
97.820000 0.410000 220 .1
102.650000 -5.230000 212 .1
97.220000 27.100000 226 .1
103.910000 -6.160000 209 .1
97.380000 1.290000 236 .1
102.850000 -4.340000 226 .1
95.670000 -6.240000 354 .1
109.790000 -8.290000 289 .1
98.730000 0.110000 186 .1
107.960000 -7.750000 185 .1
97.910000 0.190000 223 .1
94.300000 24.300000 342 .1
103.100000 -4.890000 194 .1
101.920000 -4.890000 216 .1
103.210000 -4.910000 208 .1
102.870000 -6.960000 204 .1
97.930000 1.980000 218 .1
99.340000 -2.070000 217 .1
100.620000 -3.090000 233 .1
92.540000 24.760000 218 .1
95.780000 3.300000 219 .1
92.960000 6.910000 227 .1
92.380000 8.880000 253 .1
93.740000 8.860000 151 .1
94.470000 2.780000 226 .1
94.090000 3.650000 73 .1
94.160000 2.790000 198 .1
94.470000 5.480000 232 .1
94.890000 3.350000 216 .1
92.580000 6.760000 232 .1
93.480000 7.940000 261 .1
94.510000 2.710000 224 .1
94.610000 5.520000 225 .1
93.280000 6.480000 194 .1
94.650000 5.350000 223 .1
92.640000 7.710000 199 .1
95.110000 4.720000 222 .1
94.630000 2.750000 239 .1
95.610000 2.930000 43 .1
93.870000 3.350000 77 .1
92.650000 8.740000 261 .1
92.810000 6.820000 190 .1
92.350000 10.550000 252 .1
95.210000 4.730000 225 .1
93.000000 6.700000 75 .1
93.760000 3.370000 64 .1
93.000000 6.720000 240 .1
93.160000 8.380000 260 .1
93.140000 9.360000 282 .1
94.900000 5.140000 228 .1
95.570000 2.800000 235 .1
93.880000 3.110000 60 .1
94.660000 5.450000 229 .1
94.280000 5.530000 225 .1
94.400000 5.770000 238 .1
94.300000 5.530000 225 .1
92.510000 12.240000 250 .1
94.390000 2.700000 207 .1
94.540000 5.290000 228 .1
94.490000 5.350000 205 .1
92.530000 7.120000 250 .1
95.190000 4.320000 217 .1
93.280000 5.900000 126 .1
94.830000 5.030000 224 .1
92.910000 6.200000 209 .1
95.270000 3.170000 21 .1
94.860000 5.110000 221 .1
95.140000 4.730000 227 .1
95.620000 2.910000 230 .1
94.400000 5.470000 221 .1
94.810000 4.930000 270 .1
93.220000 8.110000 254 .1
92.700000 7.140000 257 .1
92.760000 7.190000 248 .1
96.490000 3.180000 231 .1
95.460000 3.240000 11 .1
94.460000 5.390000 225 .1
92.790000 6.360000 252 .1
94.340000 5.350000 236 .1
92.220000 10.580000 254 .1
92.360000 10.670000 258 .1
93.070000 6.500000 230 .1
94.790000 4.920000 228 .1
94.600000 5.120000 252 .1
91.730000 10.560000 262 .1
93.650000 3.530000 49 .1
93.030000 6.720000 237 .1
94.760000 5.590000 224 .1
94.390000 5.490000 231 .1
94.830000 5.320000 223 .1
91.910000 10.630000 240 .1
94.780000 4.870000 265 .1
92.400000 7.590000 250 .1
95.110000 4.930000 223 .1
92.280000 10.530000 239 .1
95.440000 2.900000 198 .1
94.790000 5.060000 222 .1
94.620000 5.550000 225 .1
94.740000 5.120000 240 .1
94.380000 5.620000 225 .1
93.250000 8.860000 99 .1
95.200000 4.800000 225 .1
93.920000 3.130000 233 .1
105.240000 -6.460000 209 .1
95.920000 3.870000 228 .1
92.020000 10.620000 245 .1
94.700000 22.970000 243 .1
97.200000 1.220000 202 .1
94.140000 3.630000 80 .1
94.090000 3.600000 90 .1
94.160000 3.580000 73 .1
94.390000 2.600000 235 .1
94.810000 4.750000 235 .1
94.670000 5.450000 222 .1
94.600000 2.700000 230 .1
94.330000 5.340000 252 .1
91.780000 10.780000 110 .1
94.310000 5.510000 226 .1
94.710000 5.070000 231 .1
93.000000 13.100000 83 .1
93.700000 3.330000 242 .1
93.750000 3.320000 86 .1
94.320000 5.510000 224 .1
94.560000 5.180000 214 .1
94.230000 2.800000 41 .1
94.500000 5.270000 228 .1
92.840000 6.830000 218 .1
95.750000 2.720000 237 .1
94.990000 2.260000 24 .1
93.580000 13.850000 235 .1
95.800000 19.820000 86 .1
95.160000 2.280000 221 .1
92.620000 6.800000 266 .1
95.120000 4.800000 222 .1
94.790000 5.080000 220 .1
94.800000 5.070000 222 .1
98.730000 -0.130000 177 .1
95.160000 4.700000 225 .1
94.420000 5.450000 223 .1
101.610000 -5.640000 206 .1
94.330000 5.230000 237 .1
92.210000 11.400000 257 .1
93.750000 3.260000 47 .1
91.770000 10.830000 278 .1
95.460000 2.880000 218 .1
95.730000 2.890000 232 .1
94.260000 2.740000 231 .1
95.590000 2.910000 229 .1
101.540000 -5.610000 232 .1
91.830000 9.310000 268 .1
93.060000 9.400000 255 .1
94.690000 5.480000 225 .1
92.970000 11.550000 301 .1
94.600000 5.490000 224 .1
93.150000 9.440000 260 .1
94.430000 5.440000 221 .1
102.750000 -5.640000 213 .1
95.090000 4.860000 223 .1
95.670000 4.000000 230 .1
92.570000 12.310000 264 .1
94.370000 5.490000 230 .1
97.110000 2.090000 215 .1
96.580000 2.650000 203 .1
97.260000 1.080000 212 .1
97.760000 1.800000 232 .1
97.330000 2.350000 220 .1
97.320000 1.070000 203 .1
97.100000 1.770000 218 .1
96.940000 1.890000 222 .1
97.720000 0.180000 160 .1
97.240000 2.530000 218 .1
95.410000 2.990000 227 .1
95.420000 2.930000 226 .1
97.170000 1.250000 207 .1
94.370000 5.440000 258 .1
97.160000 1.230000 244 .1
96.720000 2.110000 209 .1
97.070000 1.860000 225 .1
97.190000 1.310000 224 .1
97.120000 1.700000 220 .1
94.580000 5.110000 256 .1
97.210000 1.320000 225 .1
97.740000 0.350000 200 .1
97.090000 1.360000 239 .1
96.370000 2.290000 224 .1
96.690000 2.170000 224 .1
97.090000 2.700000 228 .1
97.240000 1.130000 228 .1
99.840000 -1.730000 240 .1
98.320000 0.370000 219 .1
97.940000 2.020000 217 .1
97.140000 1.170000 232 .1
96.280000 2.970000 117 .1
96.750000 2.090000 217 .1
97.410000 1.030000 255 .1
97.870000 1.610000 225 .1
97.150000 1.280000 209 .1
97.860000 1.970000 183 .1
94.330000 5.260000 218 .1
96.330000 2.190000 270 .1
102.420000 -3.980000 206 .1
96.770000 2.070000 207 .1
97.240000 1.200000 219 .1
97.440000 0.560000 359 .1
97.160000 1.350000 240 .1
97.200000 1.310000 225 .1
99.420000 -1.570000 18 .1
97.160000 1.400000 227 .1
97.270000 1.100000 233 .1
92.230000 10.570000 271 .1
99.610000 -1.640000 53 .1
99.780000 -1.710000 23 .1
99.720000 -1.710000 59 .1
99.640000 -1.630000 195 .1
99.930000 -1.780000 37 .1
99.640000 -1.620000 229 .1
99.620000 -1.650000 84 .1
99.780000 -1.830000 165 .1
99.720000 -1.590000 27 .1
99.800000 -1.700000 189 .1
99.800000 -1.640000 53 .1
99.790000 -1.750000 207 .1
99.560000 -1.540000 58 .1
103.790000 -6.230000 191 .1
99.660000 -1.690000 201 .1
96.760000 2.170000 227 .1
96.830000 2.080000 222 .1
99.730000 -1.730000 262 .1
99.690000 -1.740000 212 .1
99.850000 -1.760000 80 .1
99.450000 -1.590000 38 .1
99.800000 -1.760000 76 .1
99.850000 -1.710000 75 .1
93.700000 3.370000 67 .1
99.880000 -1.710000 192 .1
99.950000 -1.910000 214 .1
104.750000 -6.080000 212 .1
96.330000 2.930000 100 .1
97.110000 1.100000 245 .1
97.660000 1.810000 214 .1
99.560000 -1.620000 350 .1
99.620000 -1.630000 232 .1
97.490000 0.930000 229 .1
96.300000 2.360000 210 .1
95.990000 2.750000 219 .1
96.310000 2.370000 202 .1
97.250000 1.080000 228 .1
94.070000 3.030000 256 .1
97.020000 2.290000 236 .1
97.170000 1.360000 221 .1
93.170000 4.290000 263 .1
96.800000 2.130000 226 .1
97.130000 1.970000 224 .1
99.300000 -1.660000 235 .1
99.860000 -1.620000 28 .1
97.090000 1.300000 236 .1
95.880000 2.460000 219 .1
94.270000 5.230000 245 .1
94.840000 5.100000 224 .1
103.140000 -6.230000 201 .1
97.320000 1.200000 221 .1
97.230000 1.240000 229 .1
97.000000 2.600000 257 .1
94.470000 5.060000 258 .1
96.270000 2.420000 205 .1
98.460000 0.590000 239 .1
98.570000 0.350000 250 .1
93.510000 3.740000 81 .1
97.930000 0.220000 275 .1
97.040000 1.990000 225 .1
97.920000 1.960000 242 .1
97.170000 1.400000 189 .1
94.800000 5.280000 225 .1
97.450000 0.800000 224 .1
94.530000 2.650000 209 .1
95.600000 2.910000 235 .1
97.180000 1.350000 223 .1
96.670000 2.040000 242 .1
94.430000 5.240000 278 .1
94.650000 5.460000 234 .1
94.630000 28.880000 183 .1
97.150000 1.460000 226 .1
96.720000 2.170000 224 .1
97.090000 1.810000 219 .1
97.510000 1.010000 220 .1
94.170000 2.740000 43 .1
94.750000 5.620000 223 .1
96.800000 2.140000 228 .1
97.250000 1.170000 228 .1
96.350000 2.300000 224 .1
94.750000 4.950000 215 .1
92.620000 6.610000 263 .1
107.460000 -7.850000 186 .1
95.150000 4.810000 227 .1
93.270000 4.180000 255 .1
97.140000 1.280000 210 .1
97.250000 1.100000 238 .1
93.610000 13.850000 233 .1
97.080000 1.820000 221 .1
95.060000 2.260000 67 .1
103.550000 -5.920000 196 .1
93.420000 3.960000 250 .1
94.390000 2.630000 185 .1
97.110000 1.330000 190 .1
97.230000 1.270000 225 .1
92.900000 10.350000 250 .1
94.990000 21.010000 195 .1
94.590000 2.590000 227 .1
94.420000 5.460000 250 .1
94.800000 5.110000 225 .1
99.630000 -1.490000 93 .1
96.840000 1.180000 231 .1
96.020000 2.640000 212 .1
93.690000 3.220000 44 .1
93.770000 3.290000 60 .1
97.420000 1.090000 228 .1
94.480000 5.180000 222 .1
97.760000 0.350000 221 .1
97.820000 0.380000 207 .1
97.150000 1.220000 196 .1
94.260000 5.250000 228 .1
92.670000 6.720000 257 .1
94.020000 3.020000 220 .1
97.210000 1.370000 226 .1
94.570000 5.440000 226 .1
96.690000 2.160000 235 .1
94.580000 5.550000 220 .1
97.140000 1.470000 225 .1
92.250000 11.040000 269 .1
97.740000 0.320000 227 .1
99.620000 -1.660000 50 .1
94.790000 5.070000 219 .1
102.700000 -3.800000 147 .1
95.140000 4.750000 186 .1
94.690000 5.500000 231 .1
97.400000 0.630000 230 .1
95.040000 4.860000 219 .1
96.310000 2.430000 230 .1
94.780000 24.560000 246 .1
97.170000 1.340000 192 .1
95.970000 3.980000 177 .1
103.880000 -5.950000 204 .1
97.240000 1.110000 228 .1
94.390000 5.540000 216 .1
107.030000 -7.890000 191 .1
94.280000 5.560000 227 .1
97.870000 1.980000 218 .1
92.300000 10.890000 259 .1
95.100000 4.820000 221 .1
97.950000 2.030000 219 .1
99.530000 -1.460000 37 .1
95.830000 2.740000 204 .1
99.540000 -1.790000 198 .1
96.360000 2.310000 230 .1
96.210000 2.360000 186 .1
97.130000 1.690000 192 .1
84.860000 28.390000 21 .1
97.270000 1.230000 225 .1
95.470000 2.820000 215 .1
96.790000 2.160000 228 .1
103.510000 -4.000000 28 .1
96.940000 0.730000 24 .1
97.270000 1.160000 225 .1
97.240000 1.140000 216 .1
93.820000 3.090000 40 .1
97.160000 1.060000 265 .1
96.280000 2.390000 193 .1
97.200000 1.360000 226 .1
97.330000 0.150000 89 .1
94.520000 5.120000 228 .1
95.920000 2.840000 225 .1
95.140000 4.740000 224 .1
97.900000 0.120000 219 .1
97.860000 0.040000 226 .1
97.530000 0.980000 213 .1
94.750000 4.870000 223 .1
93.270000 13.030000 274 .1
96.070000 2.700000 224 .1
93.000000 4.920000 50 .1
86.380000 27.250000 188 .1
92.410000 11.900000 265 .1
96.450000 2.220000 215 .1
97.100000 1.610000 216 .1
97.220000 1.060000 225 .1
95.450000 2.860000 225 .1
96.250000 2.410000 223 .1
88.390000 27.380000 158 .1
94.440000 5.350000 206 .1
81.340000 -7.670000 134 .1
105.980000 -8.670000 212 .1
106.040000 -8.660000 205 .1
94.690000 5.610000 221 .1
95.900000 2.670000 254 .1
101.440000 -4.550000 203 .1
101.410000 -4.570000 242 .1
107.760000 -7.760000 318 .1
97.080000 1.660000 201 .1
93.640000 13.880000 244 .1
106.720000 -7.370000 189 .1
94.780000 5.070000 217 .1
96.050000 4.130000 260 .1
93.970000 2.940000 65 .1
95.680000 2.720000 237 .1
94.930000 2.270000 105 .1
96.390000 2.410000 215 .1
93.070000 4.750000 245 .1
100.010000 -0.630000 255 .1
93.220000 9.410000 237 .1
97.000000 1.990000 227 .1
102.360000 -4.840000 205 .1
97.160000 1.300000 212 .1
94.320000 23.310000 270 .1
94.440000 5.510000 229 .1
92.460000 6.980000 245 .1
94.570000 5.510000 222 .1
94.370000 2.650000 26 .1
97.130000 1.420000 226 .1
92.450000 6.940000 251 .1
102.150000 -4.750000 296 .1
92.790000 6.500000 257 .1
93.600000 3.720000 256 .1
107.410000 -9.250000 188 .1
105.390000 -6.530000 191 .1
97.150000 1.710000 221 .1
97.180000 1.460000 221 .1
96.350000 2.400000 224 .1
94.660000 5.520000 220 .1
95.100000 4.720000 241 .1
104.150000 28.010000 322 .1
107.940000 -9.160000 216 .1
94.780000 5.120000 215 .1
97.470000 1.070000 200 .1
93.120000 9.450000 264 .1
97.250000 1.320000 191 .1
95.010000 4.940000 36 .1
97.430000 1.110000 225 .1
97.360000 1.040000 218 .1
92.330000 24.540000 339 .1
94.780000 4.750000 230 .1
94.770000 4.740000 237 .1
99.090000 3.400000 281 .1
94.750000 5.080000 224 .1
95.020000 4.820000 221 .1
92.360000 10.650000 254 .1
94.350000 5.450000 222 .1
101.410000 -5.440000 182 .1
97.960000 0.250000 225 .1
92.440000 8.080000 255 .1
101.450000 -5.490000 210 .1
95.810000 2.820000 222 .1
97.110000 1.730000 193 .1
107.190000 -7.820000 144 .1
97.320000 0.450000 195 .1
94.260000 5.210000 226 .1
97.230000 0.640000 180 .1
97.370000 1.070000 228 .1
102.980000 -4.390000 223 .1
96.340000 3.780000 278 .1
97.910000 1.960000 216 .1
102.950000 -4.430000 203 .1
95.700000 2.920000 228 .1
94.640000 5.360000 223 .1
94.620000 5.510000 221 .1
99.870000 -2.330000 217 .1
97.250000 1.250000 221 .1
96.030000 4.110000 219 .1
96.750000 2.010000 226 .1
96.150000 2.670000 217 .1
94.580000 5.420000 223 .1
103.220000 -7.350000 207 .1
104.540000 -5.950000 216 .1
97.460000 5.000000 14 .1
98.000000 2.270000 272 .1
92.520000 7.160000 246 .1
95.610000 19.310000 217 .1
95.610000 19.240000 228 .1
107.680000 -5.930000 172 .1
107.419 -5.859 171 .1
99.320000 1.800000 297 .1
97.750000 0.290000 220 .1
97.800000 0.340000 211 .1
101.370000 -4.440000 213 .1
100.840000 -2.620000 215 .1
99.670000 -1.690000 209 .1
99.630000 -2.130000 222 .1
101.270000 -4.300000 187 .1
101.530000 -3.160000 212 .1
99.950000 -2.230000 221 .1
101.830000 -3.780000 213 .1
100.120000 -2.150000 210 .1
101.170000 -4.070000 212 .1
101.200000 -4.230000 205 .1
101.220000 -4.230000 199 .1
101.190000 -2.790000 213 .1
101.240000 -2.800000 223 .1
99.720000 -1.760000 56 .1
101.110000 -2.760000 217 .1
101.170000 -2.720000 217 .1
101.200000 -2.830000 200 .1
100.770000 -3.640000 212 .1
101.350000 -3.260000 216 .1
100.890000 -2.750000 215 .1
101.230000 -4.300000 230 .1
100.140000 -2.000000 213 .1
99.940000 -2.000000 210 .1
99.930000 -2.130000 219 .1
100.850000 -3.680000 206 .1
100.830000 -3.610000 213 .1
100.380000 -3.160000 216 .1
101.460000 -4.390000 208 .1
100.460000 -1.770000 211 .1
99.490000 -1.790000 213 .1
95.540000 2.920000 226 .1
95.520000 2.900000 231 .1
101.220000 -4.240000 208 .1
99.480000 -1.740000 214 .1
100.980000 -3.900000 217 .1
100.530000 -3.250000 224 .1
101.680000 -3.410000 204 .1
100.480000 -3.210000 215 .1
100.800000 -3.590000 214 .1
100.900000 -3.580000 209 .1
99.900000 -2.000000 216 .1
101.020000 -3.900000 213 .1
100.790000 -3.540000 216 .1
101.280000 -2.990000 216 .1
100.540000 -3.270000 211 .1
100.690000 -0.880000 282 .1
96.360000 3.060000 204 .1
95.060000 4.740000 220 .1
101.160000 -2.810000 216 .1
101.140000 -2.860000 214 .1
97.880000 1.980000 216 .1
101.360000 -4.620000 217 .1
105.990000 -7.070000 255 .1
94.570000 23.500000 7 .1
96.800000 2.090000 231 .1
101.030000 -2.780000 219 .1
94.680000 5.480000 216 .1
92.330000 22.760000 247 .1
92.870000 10.410000 251 .1
97.440000 1.010000 228 .1
97.160000 1.340000 233 .1
101.220000 -2.830000 217 .1
97.270000 1.030000 224 .1
101.210000 -3.010000 216 .1
100.930000 -3.290000 210 .1
99.950000 -2.430000 217 .1
95.960000 2.770000 220 .1
99.880000 -2.320000 216 .1
99.960000 -2.510000 212 .1
101.990000 -3.740000 210 .1
99.950000 -2.340000 214 .1
99.930000 -2.400000 215 .1
99.970000 -2.490000 214 .1
99.890000 -2.330000 215 .1
99.810000 -2.240000 214 .1
101.060000 -3.860000 203 .1
93.480000 3.930000 243 .1
99.820000 -2.180000 208 .1
94.820000 5.080000 217 .1
99.790000 -2.230000 223 .1
100.810000 -3.760000 200 .1
94.590000 2.700000 230 .1
101.100000 -2.900000 216 .1
95.300000 2.860000 225 .1
102.720000 -4.350000 207 .1
101.410000 -3.270000 216 .1
107.880000 -7.780000 183 .1
101.320000 -3.020000 211 .1
94.700000 5.510000 207 .1
95.090000 4.680000 222 .1
101.390000 -3.180000 214 .1
101.470000 -3.180000 212 .1
102.460000 -4.190000 203 .1
101.270000 -4.130000 210 .1
101.100000 -4.450000 215 .1
97.760000 0.350000 217 .1
99.970000 -2.080000 211 .1
97.480000 0.820000 222 .1
92.700000 6.790000 251 .1
101.430000 -3.180000 221 .1
97.160000 1.320000 211 .1
97.190000 1.340000 221 .1
95.330000 25.970000 352 .1
96.550000 2.230000 220 .1
91.660000 11.610000 286 .1
93.580000 13.860000 233 .1
101.080000 -3.940000 214 .1
100.990000 -3.910000 225 .1
103.060000 -3.930000 347 .1
96.320000 2.510000 219 .1
102.220000 -5.210000 192 .1
81.680000 -3.330000 311 .1
97.250000 1.140000 220 .1
101.260000 -4.350000 209 .1
101.750000 -4.740000 209 .1
100.750000 -3.650000 214 .1
101.040000 -2.830000 216 .1
103.510000 -6.070000 214 .1
95.040000 4.830000 219 .1
101.220000 -4.300000 210 .1
101.300000 -4.330000 213 .1
94.170000 6.450000 188 .1
100.720000 -3.530000 206 .1
98.180000 -0.350000 208 .1
98.270000 -0.260000 216 .1
98.550000 0.480000 215 .1
97.180000 1.440000 221 .1
95.050000 4.670000 213 .1
94.310000 5.260000 222 .1
100.630000 -3.510000 214 .1
94.440000 6.260000 184 .1
97.290000 1.180000 226 .1
100.410000 -3.090000 215 .1
100.470000 -3.120000 215 .1
100.320000 -3.330000 219 .1
99.090000 2.800000 238 .1
101.140000 -5.440000 177 .1
102.900000 -4.890000 226 .1
103.050000 -4.990000 208 .1
102.300000 -2.580000 292 .1
102.910000 -4.800000 208 .1
101.700000 -5.500000 185 .1
101.580000 -5.520000 185 .1
108.740000 -8.800000 185 .1
94.790000 24.320000 331 .1
99.490000 -1.480000 68 .1
99.430000 -1.450000 74 .1
99.270000 -1.530000 83 .1
99.550000 -1.380000 92 .1
99.420000 -1.450000 86 .1
97.950000 -0.910000 220 .1
99.370000 -1.370000 41 .1
99.480000 -1.420000 86 .1
99.570000 -1.650000 52 .1
94.660000 5.470000 235 .1
95.100000 25.280000 240 .1
99.470000 -1.360000 17 .1
107.300000 -7.780000 288 .1
94.680000 24.330000 345 .1
104.790000 -6.290000 219 .1
94.320000 5.260000 262 .1
102.670000 -4.500000 232 .1
91.440000 27.330000 187 .1
94.790000 20.400000 226 .1
99.870000 -0.720000 283 .1
105.220000 -6.530000 195 .1
91.420000 27.260000 186 .1
102.980000 -5.000000 203 .1
103.120000 -4.730000 207 .1
95.910000 2.770000 224 .1
91.820000 22.000000 250 .1
99.390000 -1.430000 69 .1
94.810000 24.360000 334 .1
102.690000 -4.260000 219 .1
99.090000 -0.320000 201 .1
100.910000 -2.880000 206 .1
94.290000 2.780000 42 .1
105.930000 -7.280000 222 .1
94.710000 23.200000 173 .1
100.980000 -3.760000 214 .1
94.620000 23.060000 317 .1
97.200000 1.340000 222 .1
83.730000 -2.720000 164 .1
102.830000 -4.640000 204 .1
100.140000 -2.150000 211 .1
97.050000 2.380000 219 .1
101.100000 -4.050000 215 .1
101.000000 -3.880000 211 .1
96.020000 3.750000 220 .1
95.850000 3.500000 218 .1
107.220000 -7.840000 81 .1
100.970000 -3.860000 219 .1
93.450000 11.120000 346 .1
108.280000 -9.560000 207 .1
93.090000 13.200000 63 .1
101.340000 -4.490000 212 .1
97.190000 1.240000 232 .1
92.250000 10.230000 258 .1
80.400000 29.840000 175 .1
97.140000 1.390000 229 .1
104.620000 -6.500000 199 .1
103.960000 -6.350000 208 .1
107.060000 -7.490000 189 .1
96.720000 2.220000 220 .1
103.580000 -4.120000 1 .1
103.460000 -6.910000 194 .1
96.950000 1.950000 217 .1
94.740000 5.000000 219 .1
94.740000 5.050000 216 .1
95.390000 3.660000 255 .1
94.340000 6.630000 181 .1
100.080000 -3.490000 220 .1
100.380000 -2.950000 218 .1
100.460000 -3.290000 214 .1
99.890000 -2.340000 210 .1
104.060000 -6.340000 207 .1
99.420000 -1.740000 211 .1
107.210000 -7.860000 277 .1
106.930000 -8.020000 186 .1
100.180000 -3.770000 208 .1
104.010000 -6.260000 218 .1
96.000000 3.880000 242 .1
94.670000 5.420000 217 .1
95.890000 2.710000 223 .1
95.960000 3.950000 211 .1
101.430000 -4.460000 219 .1
100.000000 -2.650000 219 .1
105.080000 -6.960000 188 .1
96.290000 2.490000 225 .1
96.290000 2.400000 233 .1
100.540000 -3.610000 214 .1
102.650000 -5.030000 215 .1
96.400000 2.630000 223 .1
95.520000 2.890000 218 .1
95.520000 2.900000 230 .1
102.140000 -4.250000 215 .1
96.830000 2.200000 228 .1
96.760000 1.990000 231 .1
94.680000 24.640000 232 .1
98.820000 0.810000 276 .1
97.890000 1.900000 219 .1
97.450000 0.830000 246 .1
80.760000 29.690000 186 .1
106.220000 -6.930000 205 .1
97.100000 1.620000 225 .1
108.520000 -8.040000 253 .1
100.630000 -3.530000 231 .1
101.850000 -4.890000 221 .1
103.480000 -5.710000 213 .1
101.360000 -3.250000 217 .1
98.720000 25.080000 193 .1
101.890000 -5.040000 217 .1
97.170000 1.420000 231 .1
106.460000 -7.200000 222 .1
101.100000 -2.830000 217 .1
101.090000 -2.910000 216 .1
102.400000 -4.250000 201 .1
94.950000 4.740000 215 .1
104.050000 -6.280000 212 .1
96.350000 2.480000 212 .1
103.710000 -6.140000 213 .1
103.050000 -4.070000 117 .1
99.940000 -2.460000 220 .1
101.350000 -3.250000 214 .1
95.240000 24.950000 14 .1
99.450000 -2.220000 232 .1
99.450000 -2.270000 233 .1
97.870000 0.170000 223 .1
102.180000 -4.320000 218 .1
104.340000 -5.840000 202 .1
99.070000 -0.940000 192 .1
96.270000 2.400000 223 .1
96.680000 2.070000 236 .1
102.200000 -3.680000 238 .1
94.400000 4.990000 255 .1
102.710000 -4.320000 212 .1
95.110000 4.620000 223 .1
94.570000 5.410000 220 .1
100.430000 -3.350000 229 .1
93.790000 3.310000 43 .1
92.140000 0.240000 333 .1
105.460000 -6.810000 226 .1
94.080000 2.840000 61 .1
93.820000 3.250000 41 .1
93.850000 3.260000 46 .1
93.820000 3.270000 62 .1
93.350000 2.150000 193 .1
93.720000 3.270000 31 .1
94.460000 2.700000 235 .1
100.440000 -3.340000 225 .1
94.510000 2.700000 237 .1
105.420000 -8.350000 228 .1
94.470000 2.640000 46 .1
100.150000 -2.820000 207 .1
106.370000 -7.690000 201 .1
94.670000 5.480000 215 .1
105.490000 -5.680000 228 .1
100.990000 -2.920000 218 .1
103.190000 -4.930000 212 .1
100.590000 -3.640000 223 .1
109.100000 -7.980000 186 .1
102.790000 -4.380000 185 .1
96.040000 2.710000 226 .1
104.420000 -6.000000 209 .1
100.470000 -1.760000 222 .1
96.960000 1.900000 229 .1
94.750000 5.060000 215 .1
103.000000 -4.750000 209 .1
82.690000 28.470000 204 .1
103.990000 27.580000 326 .1
100.590000 -3.320000 220 .1
103.740000 -6.170000 224 .1
89.700000 2.610000 299 .1
101.920000 -2.920000 161 .1
92.820000 26.880000 59 .1
97.670000 -0.430000 242 .1
98.380000 0.880000 258 .1
107.530000 -6.760000 343 .1
97.460000 0.890000 238 .1
106.670000 -7.370000 178 .1
102.830000 -4.530000 214 .1
93.640000 13.850000 227 .1
94.780000 22.440000 346 .1
95.050000 25.330000 227 .1
95.100000 4.720000 219 .1
101.300000 -2.990000 218 .1
94.980000 4.570000 225 .1
104.380000 -6.550000 203 .1
107.290000 -7.000000 212 .1
92.220000 24.680000 179 .1
95.830000 2.710000 212 .1
95.650000 19.220000 48 .1
102.530000 -4.150000 212 .1
95.750000 19.250000 240 .1
98.640000 0.220000 224 .1
106.070000 -7.090000 197 .1
95.620000 19.260000 60 .1
95.150000 28.890000 210 .1
104.960000 28.380000 276 .1
95.920000 3.890000 219 .1
107.910000 -9.160000 215 .1
107.440000 -9.330000 199 .1
102.380000 -4.940000 229 .1
82.280000 28.660000 199 .1
100.560000 -3.270000 216 .1
100.460000 -3.360000 221 .1
97.970000 5.380000 166 .1
94.430000 22.040000 254 .1
94.730000 23.940000 201 .1
100.400000 -3.290000 228 .1
94.380000 5.360000 220 .1
103.040000 -4.740000 225 .1
91.750000 1.250000 302 .1
88.400000 27.290000 175 .1
103.090000 -5.800000 210 .1
95.860000 3.960000 221 .1
107.800000 -8.110000 181 .1
94.460000 5.390000 217 .1
107.930000 -7.870000 182 .1
98.560000 0.260000 265 .1
96.830000 2.040000 229 .1
96.680000 2.030000 231 .1
91.510000 1.350000 357 .1
102.850000 -4.920000 210 .1
109.260000 -8.230000 346 .1
109.290000 -8.050000 341 .1
97.260000 1.210000 230 .1
97.140000 1.190000 257 .1
94.260000 7.300000 2 .1
103.810000 -4.560000 339 .1
100.430000 -3.990000 228 .1
102.280000 -5.240000 236 .1
103.620000 28.170000 325 .1
97.970000 1.960000 218 .1
97.880000 1.870000 219 .1
109.120000 -8.490000 151 .1
92.760000 4.250000 135 .1
93.860000 3.150000 45 .1
102.640000 -6.950000 217 .1
104.120000 -6.340000 204 .1
108.050000 -7.760000 186 .1
96.940000 1.930000 228 .1
94.650000 5.400000 224 .1
94.450000 6.040000 190 .1
97.260000 1.150000 231 .1
97.240000 1.130000 233 .1
104.620000 -6.220000 211 .1
93.870000 12.870000 16 .1
97.220000 1.050000 242 .1
93.440000 3.950000 262 .1
107.170000 -6.500000 358 .1
103.950000 -6.020000 307 .1
95.070000 4.780000 202 .1
105.990000 -7.180000 190 .1
97.920000 1.650000 257 .1
100.140000 -3.830000 226 .1
95.770000 2.720000 217 .1
86.370000 27.740000 207 .1
102.180000 -6.130000 235 .1
103.200000 29.350000 70 .1
102.790000 -4.760000 161 .1
95.190000 25.020000 228 .1
97.240000 1.340000 231 .1
104.890000 28.350000 302 .1
98.720000 -0.780000 221 .1
96.790000 2.000000 218 .1
93.380000 9.890000 313 .1
102.660000 -4.460000 233 .1
105.330000 -6.710000 163 .1
102.480000 -5.680000 213 .1
82.390000 28.900000 60 .1
84.710000 28.150000 191 .1
84.820000 28.220000 175 .1
86.020000 27.770000 191 .1
85.810000 27.770000 188 .1
86.070000 27.810000 189 .1
86.160000 27.620000 180 .1
86.070000 27.560000 181 .1
93.580000 14.010000 248 .1
94.740000 4.990000 225 .1
96.230000 19.080000 42 .1
94.720000 5.060000 217 .1
108.920000 -8.250000 348 .1
95.120000 4.680000 224 .1
107.220000 -8.040000 294 .1
103.710000 -6.030000 213 .1
103.640000 -6.080000 213 .1
107.400000 -8.050000 219 .1
100.300000 27.550000 96 .1
98.040000 0.580000 18 .1
94.860000 22.450000 60 .1
106.020000 -6.950000 295 .1
102.970000 -4.960000 208 .1
81.650000 29.400000 192 .1
107.020000 -8.370000 193 .1
96.690000 2.070000 238 .1
107.390000 -8.200000 191 .1
102.190000 -4.170000 209 .1
94.860000 23.100000 359 .1
100.490000 -3.620000 218 .1
96.210000 2.350000 220 .1
104.630000 -5.030000 351 .1
107.560000 -8.070000 179 .1
101.270000 -3.330000 216 .1
99.410000 -2.190000 226 .1
97.410000 0.980000 233 .1
102.300000 -4.510000 279 .1
94.570000 21.510000 344 .1
96.750000 2.010000 218 .1
94.930000 21.310000 169 .1
104.160000 -5.960000 220 .1
94.700000 23.900000 344 .1
94.570000 20.920000 254 .1
100.180000 -2.910000 213 .1
98.610000 0.550000 223 .1
101.770000 -4.910000 230 .1
102.750000 -4.430000 216 .1
86.530000 27.800000 190 .1
80.630000 29.980000 200 .1
96.690000 3.490000 191 .1
96.210000 5.300000 293 .1
94.610000 5.410000 215 .1
105.730000 29.470000 122 .1
108.800000 -8.750000 189 .1
100.350000 -1.720000 215 .1
102.720000 -5.270000 213 .1
94.560000 5.420000 220 .1
104.830000 28.180000 313 .1
107.390000 -7.520000 195 .1
96.070000 5.300000 359 .1
96.150000 5.250000 332 .1
102.020000 -4.210000 214 .1
102.190000 -6.260000 217 .1
95.860000 3.640000 247 .1
104.370000 -6.040000 227 .1
99.630000 -2.160000 228 .1
108.020000 -7.740000 186 .1
105.980000 -7.410000 204 .1
98.980000 2.750000 253 .1
101.380000 -5.660000 227 .1
102.240000 -2.670000 307 .1
108.990000 -8.160000 184 .1
101.620000 -3.770000 221 .1
99.890000 -2.300000 226 .1
99.690000 -1.160000 231 .1
104.960000 -6.040000 314 .1
93.110000 9.280000 268 .1
93.160000 10.240000 215 .1
102.100000 -3.370000 294 .1
95.790000 -7.360000 185 .1
104.610000 -6.510000 212 .1
94.980000 29.830000 48 .1
96.980000 1.370000 227 .1
102.950000 -5.030000 207 .1
106.820000 -7.880000 223 .1
101.040000 -2.810000 218 .1
94.900000 24.740000 111 .1
96.070000 18.370000 50 .1
93.160000 12.350000 336 .1
96.150000 18.390000 68 .1
105.940000 -7.410000 194 .1
102.850000 -4.540000 214 .1
103.890000 -6.530000 225 .1
105.530000 -6.980000 204 .1
96.160000 18.320000 56 .1
96.140000 18.360000 47 .1
104.910000 -6.340000 223 .1
93.580000 7.550000 262 .1
95.060000 4.570000 226 .1
93.430000 9.520000 208 .1
97.100000 1.390000 233 .1
96.990000 27.180000 195 .1
95.100000 24.600000 215 .1
98.590000 -2.020000 229 .1
98.690000 -1.950000 228 .1
98.670000 -1.930000 225 .1
98.640000 -1.930000 230 .1
96.070000 18.270000 66 .1
103.390000 -5.790000 231 .1
99.840000 -1.690000 16 .1
99.430000 -2.350000 222 .1
99.470000 -2.290000 238 .1
98.320000 0.630000 13 .1
96.890000 0.820000 250 .1
97.820000 4.560000 58 .1
95.900000 3.880000 224 .1
106.030000 -6.180000 287 .1
101.820000 -3.760000 217 .1
94.740000 4.990000 222 .1
96.920000 27.200000 174 .1
100.930000 -2.970000 205 .1
101.520000 -3.530000 210 .1
98.750000 -1.550000 211 .1
94.560000 5.380000 219 .1
99.680000 -2.450000 230 .1
104.920000 28.190000 313 .1
106.570000 -7.880000 190 .1
101.280000 -3.390000 216 .1
104.190000 -6.840000 214 .1
100.010000 -2.830000 224 .1
100.070000 -2.850000 221 .1
100.130000 -2.880000 217 .1
100.100000 -2.970000 226 .1
98.040000 -0.430000 221 .1
96.360000 27.330000 217 .1
104.610000 29.470000 292 .1
99.890000 -2.050000 221 .1
97.830000 1.920000 216 .1
98.780000 1.120000 290 .1
94.560000 28.410000 187 .1
102.140000 -4.270000 274 .1
102.030000 -5.400000 215 .1
97.720000 0.380000 224 .1
97.740000 0.340000 214 .1
108.950000 -8.200000 204 .1
99.030000 -0.300000 204 .1
104.870000 28.440000 56 .1
104.990000 28.400000 35 .1
104.810000 28.400000 280 .1
104.840000 28.490000 300 .1
87.110000 9.380000 1 .1
92.830000 27.720000 133 .1
92.800000 27.740000 141 .1
106.140000 -6.980000 189 .1
104.790000 -7.280000 155 .1
99.390000 -0.740000 227 .1
102.910000 -7.110000 234 .1
102.940000 -7.220000 233 .1
104.930000 29.530000 295 .1
91.650000 10.980000 278 .1
101.190000 -4.480000 218 .1
101.130000 -4.430000 220 .1
99.590000 -2.640000 224 .1
99.860000 -2.380000 227 .1
97.400000 0.830000 244 .1
81.140000 29.320000 185 .1
97.890000 -0.890000 241 .1
106.690000 22.940000 294 .1
106.730000 22.920000 307 .1
100.940000 -2.970000 218 .1
104.950000 29.610000 283 .1
92.400000 7.070000 50 .1
107.440000 -8.010000 197 .1
96.360000 2.350000 226 .1
99.900000 -1.910000 223 .1
99.880000 -1.970000 236 .1
103.120000 -3.950000 120 .1
103.010000 -5.850000 207 .1
94.030000 22.800000 77 .1
