97.070000 26.680000 148 0.175
99.860000 1.580000 220 0.175
101.980000 -4.440000 123 0.175
98.680000 0.670000 130 0.175
101.490000 -3.100000 123 0.175
102.230000 -4.600000 120 0.175
107.640000 -8.170000 21 0.175
107.570000 -7.760000 95 0.175
107.090000 -6.570000 247 0.175
102.020000 -4.350000 125 0.175
93.020000 12.800000 2 0.175
93.070000 12.860000 336 0.175
102.890000 -4.230000 104 0.175
94.720000 23.090000 201 0.175
103.970000 -5.850000 115 0.175
102.810000 -5.120000 104 0.175
102.360000 -5.060000 116 0.175
84.280000 -0.910000 257 0.175
102.410000 -4.020000 116 0.175
93.690000 20.890000 305 0.175
101.250000 -4.080000 125 0.175
96.330000 5.230000 276 0.175
98.130000 -1.240000 148 0.175
98.220000 -1.210000 149 0.175
98.250000 -0.390000 136 0.175
100.960000 -1.080000 222 0.175
94.720000 24.500000 241 0.175
94.410000 7.310000 249 0.175
95.260000 24.900000 215 0.175
98.760000 -4.430000 8 0.175
102.320000 -6.370000 111 0.175
108.860000 -8.710000 105 0.175
103.040000 -5.710000 100 0.175
106.040000 -7.210000 101 0.175
108.250000 -7.660000 223 0.175
102.020000 -4.440000 124 0.175
97.040000 27.090000 323 0.175
92.610000 6.700000 186 0.175
100.100000 0.610000 218 0.175
103.170000 -5.590000 173 0.175
108.790000 -8.080000 233 0.175
101.200000 -2.790000 113 0.175
81.260000 29.330000 98 0.175
81.090000 29.600000 108 0.175
94.700000 15.870000 299 0.175
102.410000 -5.130000 124 0.175
103.120000 -5.370000 116 0.175
93.900000 22.720000 345 0.175
97.310000 0.150000 168 0.175
98.070000 2.060000 126 0.175
102.910000 -5.430000 113 0.175
102.930000 -5.420000 125 0.175
95.380000 24.940000 329 0.175
94.590000 22.960000 137 0.175
95.130000 22.490000 128 0.175
106.460000 -8.810000 105 0.175
92.910000 12.140000 331 0.175
100.590000 -1.530000 130 0.175
102.420000 -6.180000 119 0.175
97.780000 4.400000 171 0.175
101.920000 -4.600000 194 0.175
97.020000 2.480000 143 0.175
86.350000 18.660000 91 0.175
103.160000 -4.740000 106 0.175
103.050000 -4.740000 110 0.175
108.650000 -7.450000 232 0.175
107.190000 -8.090000 102 0.175
92.990000 11.690000 158 0.175
101.260000 -3.160000 141 0.175
102.990000 -6.750000 116 0.175
93.640000 12.950000 174 0.175
94.810000 5.730000 78 0.175
99.070000 14.950000 266 0.175
99.080000 14.930000 258 0.175
99.600000 -1.810000 105 0.175
103.230000 -4.730000 114 0.175
94.780000 5.720000 211 0.175
105.630000 -6.750000 100 0.175
87.490000 3.250000 254 0.175
95.200000 24.570000 158 0.175
103.540000 -4.660000 61 0.175
103.170000 -5.830000 99 0.175
104.030000 -6.360000 90 0.175
102.450000 -5.080000 111 0.175
103.570000 -7.130000 130 0.175
94.650000 24.500000 238 0.175
106.910000 -7.710000 100 0.175
105.340000 -6.630000 88 0.175
100.030000 -1.020000 135 0.175
98.920000 0.990000 220 0.175
98.040000 0.190000 128 0.175
107.970000 -7.940000 96 0.175
92.840000 24.600000 129 0.175
98.830000 1.640000 254 0.175
104.540000 -5.900000 117 0.175
105.470000 -6.620000 90 0.175
96.050000 26.180000 182 0.175
107.980000 -7.720000 100 0.175
95.130000 29.160000 292 0.175
107.100000 -6.890000 131 0.175
104.240000 -6.240000 114 0.175
99.900000 -0.850000 138 0.175
94.570000 22.890000 217 0.175
95.000000 4.400000 308 0.175
106.450000 -7.320000 152 0.175
93.510000 9.090000 227 0.175
98.040000 2.050000 129 0.175
93.360000 13.050000 185 0.175
96.290000 26.760000 157 0.175
102.700000 -4.290000 115 0.175
105.440000 -6.520000 130 0.175
102.060000 -4.610000 109 0.175
104.900000 -6.270000 126 0.175
94.440000 23.060000 254 0.175
105.260000 -7.910000 77 0.175
104.260000 -5.760000 144 0.175
99.120000 0.960000 168 0.175
102.750000 -4.500000 101 0.175
93.460000 11.030000 238 0.175
94.480000 4.660000 275 0.175
98.230000 -1.110000 143 0.175
103.380000 -4.640000 102 0.175
95.120000 25.140000 148 0.175
100.750000 -1.340000 138 0.175
95.160000 25.330000 152 0.175
107.190000 -7.740000 295 0.175
86.610000 26.780000 137 0.175
95.140000 25.310000 318 0.175
101.920000 -5.010000 145 0.175
85.540000 27.700000 106 0.175
99.420000 23.380000 6 0.175
97.160000 1.870000 119 0.175
102.890000 -5.520000 89 0.175
92.370000 24.360000 181 0.175
101.470000 -4.290000 127 0.175
101.430000 -4.220000 116 0.175
101.390000 -4.210000 126 0.175
102.990000 -5.470000 167 0.175
101.390000 -4.180000 105 0.175
87.000000 -3.880000 51 0.175
102.030000 -4.470000 126 0.175
94.580000 22.800000 217 0.175
96.150000 2.710000 125 0.175
102.760000 -5.060000 160 0.175
92.210000 -8.550000 5 0.175
102.930000 -4.430000 100 0.175
106.530000 -8.750000 309 0.175
95.280000 24.750000 267 0.175
96.100000 3.850000 133 0.175
109.070000 -8.110000 98 0.175
108.110000 -6.930000 305 0.175
95.330000 3.740000 310 0.175
105.320000 -6.550000 76 0.175
98.410000 -0.440000 99 0.175
102.400000 -3.960000 106 0.175
100.930000 -3.470000 108 0.175
108.860000 -8.660000 85 0.175
97.190000 3.730000 326 0.175
97.380000 3.910000 294 0.175
98.710000 0.590000 127 0.175
84.610000 -2.860000 300 0.175
102.360000 -3.980000 108 0.175
82.810000 -3.420000 286 0.175
103.910000 -6.010000 130 0.175
102.510000 -5.490000 117 0.175
104.860000 -6.010000 88 0.175
99.920000 -1.120000 137 0.175
93.850000 12.480000 231 0.175
95.420000 3.800000 306 0.175
102.880000 -4.240000 123 0.175
102.070000 -3.610000 125 0.175
93.090000 24.670000 150 0.175
103.180000 -4.920000 121 0.175
86.980000 9.270000 59 0.175
109.120000 -7.150000 308 0.175
103.150000 -5.770000 117 0.175
103.220000 -5.680000 105 0.175
95.240000 24.820000 143 0.175
104.570000 -4.300000 255 0.175
94.910000 24.300000 145 0.175
103.070000 -5.410000 116 0.175
103.020000 -5.500000 102 0.175
104.350000 -6.110000 92 0.175
103.010000 -5.360000 131 0.175
102.860000 -5.570000 122 0.175
101.820000 -3.070000 278 0.175
84.960000 -3.070000 292 0.175
93.620000 11.620000 175 0.175
106.950000 -8.110000 115 0.175
102.990000 -5.790000 99 0.175
101.960000 -4.860000 112 0.175
102.400000 -4.070000 114 0.175
99.680000 -1.620000 115 0.175
94.720000 6.530000 38 0.175
102.600000 -4.320000 93 0.175
96.160000 2.940000 132 0.175
102.900000 -5.240000 115 0.175
92.510000 11.790000 173 0.175
98.020000 1.920000 135 0.175
106.130000 -7.090000 94 0.175
98.680000 -0.560000 129 0.175
103.740000 -4.820000 197 0.175
99.810000 -2.010000 129 0.175
99.800000 -2.000000 128 0.175
99.720000 -2.060000 127 0.175
99.580000 -2.070000 135 0.175
99.540000 -1.860000 127 0.175
104.440000 -5.800000 124 0.175
109.060000 -8.000000 102 0.175
107.550000 -5.920000 84 0.175
101.470000 -3.140000 122 0.175
95.220000 24.720000 257 0.175
104.930000 -6.210000 106 0.175
96.270000 3.030000 129 0.175
97.620000 4.220000 113 0.175
104.600000 -5.900000 113 0.175
103.850000 29.090000 149 0.175
106.570000 -7.310000 91 0.175
95.870000 3.000000 131 0.175
105.080000 -6.400000 60 0.175
95.330000 25.010000 135 0.175
95.140000 25.260000 289 0.175
96.210000 2.980000 117 0.175
103.940000 -5.700000 90 0.175
106.290000 -6.980000 101 0.175
103.230000 -4.930000 117 0.175
95.940000 3.090000 135 0.175
101.930000 -4.540000 116 0.175
102.820000 -4.270000 118 0.175
99.680000 -2.020000 121 0.175
99.620000 -1.960000 117 0.175
96.070000 2.780000 127 0.175
92.640000 24.500000 317 0.175
107.490000 -7.940000 99 0.175
103.190000 -4.740000 107 0.175
104.100000 -6.230000 130 0.175
80.530000 29.840000 122 0.175
105.510000 -6.610000 103 0.175
102.140000 -3.370000 104 0.175
101.550000 -3.150000 129 0.175
99.740000 -1.870000 124 0.175
80.040000 23.080000 61 0.175
97.600000 1.070000 145 0.175
97.600000 1.070000 137 0.175
94.880000 21.820000 98 0.175
93.160000 23.890000 201 0.175
99.910000 -1.970000 125 0.175
102.840000 -4.450000 86 0.175
104.010000 -6.380000 110 0.175
103.190000 -4.960000 124 0.175
94.200000 6.880000 250 0.175
92.700000 22.210000 263 0.175
99.260000 -0.540000 124 0.175
99.480000 -2.230000 109 0.175
99.630000 -2.190000 118 0.175
104.060000 -6.310000 117 0.175
102.190000 -4.250000 100 0.175
103.070000 -4.690000 113 0.175
107.200000 -7.580000 106 0.175
106.950000 -7.770000 76 0.175
92.810000 27.770000 22 0.175
106.870000 -6.380000 252 0.175
92.510000 11.050000 159 0.175
102.960000 -5.160000 107 0.175
104.260000 -5.900000 126 0.175
107.860000 -7.610000 237 0.175
103.030000 -4.480000 125 0.175
101.960000 -4.760000 125 0.175
99.230000 -0.240000 132 0.175
104.720000 -6.470000 106 0.175
103.860000 -5.970000 128 0.175
104.220000 -6.190000 120 0.175
96.040000 3.370000 121 0.175
107.560000 -5.810000 73 0.175
102.370000 -4.140000 133 0.175
102.940000 -5.300000 298 0.175
102.660000 -4.080000 116 0.175
102.190000 -5.410000 154 0.175
106.460000 -6.320000 9 0.175
106.140000 -6.580000 221 0.175
102.090000 -6.010000 151 0.175
107.090000 -7.090000 251 0.175
97.210000 4.570000 87 0.175
106.610000 -8.950000 107 0.175
103.080000 -4.740000 182 0.175
109.590000 -9.190000 99 0.175
98.040000 2.010000 223 0.175
98.000000 -0.850000 139 0.175
102.660000 -4.910000 124 0.175
106.660000 -7.360000 105 0.175
102.010000 -4.140000 122 0.175
102.129 -4.405 211 0.175
102.690000 -5.000000 112 0.175
102.700000 -5.090000 123 0.175
97.240000 26.860000 166 0.175
101.900000 -4.610000 193 0.175
97.020000 26.590000 333 0.175
102.750000 -5.330000 161 0.175
102.760000 -5.360000 141 0.175
102.050000 -4.480000 162 0.175
101.490000 -5.540000 131 0.175
102.730000 -4.820000 141 0.175
94.690000 24.510000 244 0.175
101.970000 -4.630000 130 0.175
103.760000 -4.470000 69 0.175
102.370000 -4.070000 114 0.175
102.690000 -6.030000 118 0.175
102.710000 -5.200000 64 0.175
96.590000 1.440000 137 0.175
101.820000 -5.430000 116 0.175
107.880000 -6.650000 149 0.175
92.950000 10.000000 327 0.175
94.860000 23.870000 155 0.175
92.860000 9.980000 327 0.175
105.630000 -6.550000 106 0.175
92.980000 9.940000 335 0.175
102.600000 -4.860000 120 0.175
108.890000 -8.700000 114 0.175
101.780000 -4.020000 119 0.175
101.600000 -4.190000 139 0.175
101.750000 -4.050000 135 0.175
99.250000 -0.200000 185 0.175
102.560000 -4.680000 121 0.175
102.490000 -5.160000 117 0.175
102.760000 -4.780000 119 0.175
102.740000 -4.780000 128 0.175
102.730000 -5.090000 135 0.175
102.450000 -4.900000 102 0.175
97.680000 0.340000 139 0.175
102.190000 -5.360000 107 0.175
106.120000 -7.210000 104 0.175
102.630000 -4.890000 125 0.175
101.630000 -4.190000 136 0.175
102.200000 -4.380000 196 0.175
95.040000 24.630000 254 0.175
106.490000 -9.180000 342 0.175
101.080000 -3.630000 119 0.175
93.530000 12.280000 177 0.175
97.780000 0.410000 130 0.175
107.210000 -7.740000 187 0.175
98.540000 0.290000 146 0.175
94.990000 24.430000 155 0.175
80.210000 11.960000 50 0.175
81.750000 29.610000 104 0.175
81.750000 29.550000 119 0.175
101.900000 -4.760000 125 0.175
97.920000 1.950000 103 0.175
101.440000 -4.040000 104 0.175
102.340000 -5.630000 149 0.175
95.630000 3.490000 151 0.175
95.610000 3.510000 124 0.175
95.660000 3.540000 307 0.175
95.660000 3.530000 299 0.175
95.680000 3.480000 262 0.175
104.590000 -5.880000 106 0.175
101.380000 -4.120000 130 0.175
98.680000 -0.500000 144 0.175
103.130000 -4.800000 160 0.175
107.870000 -7.640000 92 0.175
102.060000 -5.820000 127 0.175
101.700000 -5.840000 154 0.175
102.560000 -2.340000 130 0.175
104.180000 -6.960000 112 0.175
103.990000 -6.980000 9 0.175
84.79 27.11 341 0.175
87.93 28.21 181 0.175
104.600000 -6.350000 97 0.175
93.430000 8.340000 237 0.175
105.710000 -6.750000 98 0.175
104.880000 -6.200000 112 0.175
93.070000 13.040000 337 0.175
93.160000 13.060000 336 0.175
93.170000 13.110000 202 0.175
101.380000 -3.250000 111 0.175
103.030000 -5.860000 121 0.175
94.420000 6.030000 94 0.175
96.080000 2.820000 135 0.175
96.390000 2.950000 158 0.175
104.570000 -5.650000 111 0.175
96.090000 3.010000 127 0.175
102.180000 -4.210000 228 0.175
104.040000 -5.650000 46 0.175
105.640000 -6.610000 218 0.175
98.600000 0.540000 127 0.175
97.960000 0.200000 153 0.175
95.240000 19.890000 146 0.175
103.680000 -5.510000 114 0.175
95.430000 4.000000 300 0.175
101.200000 -2.730000 115 0.175
103.210000 -4.680000 116 0.175
103.680000 -7.020000 104 0.175
103.690000 -7.030000 183 0.175
107.320000 -8.060000 57 0.175
108.370000 -9.530000 108 0.175
95.760000 2.770000 148 0.175
102.060000 -3.640000 120 0.175
93.600000 6.680000 117 0.175
92.310000 22.850000 168 0.175
92.340000 22.830000 184 0.175
102.120000 -5.640000 97 0.175
96.820000 2.080000 138 0.175
96.070000 2.590000 128 0.175
102.840000 -4.440000 134 0.175
103.570000 -5.630000 167 0.175
103.250000 -4.820000 103 0.175
103.770000 -6.100000 114 0.175
95.740000 19.810000 336 0.175
102.630000 -4.070000 122 0.175
93.250000 13.040000 216 0.175
106.270000 -6.960000 109 0.175
95.700000 19.850000 346 0.175
102.810000 -5.560000 101 0.175
102.030000 -5.800000 294 0.175
94.710000 4.150000 245 0.175
105.870000 -8.570000 124 0.175
100.650000 -0.470000 285 0.175
102.330000 -6.160000 146 0.175
102.220000 -6.130000 102 0.175
104.530000 -5.800000 120 0.175
101.940000 -5.110000 135 0.175
105.440000 -6.650000 80 0.175
100.540000 -1.550000 125 0.175
93.220000 13.110000 198 0.175
102.720000 -5.210000 129 0.175
102.200000 -4.280000 123 0.175
93.190000 13.090000 207 0.175
106.180000 -6.940000 93 0.175
97.820000 0.410000 130 0.175
102.650000 -5.230000 122 0.175
97.220000 27.100000 136 0.175
103.910000 -6.160000 119 0.175
97.380000 1.290000 146 0.175
102.850000 -4.340000 136 0.175
95.670000 -6.240000 264 0.175
109.790000 -8.290000 199 0.175
98.730000 0.110000 96 0.175
107.960000 -7.750000 95 0.175
97.910000 0.190000 133 0.175
94.300000 24.300000 252 0.175
103.100000 -4.890000 104 0.175
101.920000 -4.890000 126 0.175
103.210000 -4.910000 118 0.175
102.870000 -6.960000 114 0.175
97.930000 1.980000 128 0.175
99.340000 -2.070000 127 0.175
100.620000 -3.090000 143 0.175
92.540000 24.760000 128 0.175
95.780000 3.300000 129 0.175
92.960000 6.910000 137 0.175
92.380000 8.880000 163 0.175
93.740000 8.860000 61 0.175
94.470000 2.780000 136 0.175
94.090000 3.650000 343 0.175
94.160000 2.790000 108 0.175
94.470000 5.480000 142 0.175
94.890000 3.350000 126 0.175
92.580000 6.760000 142 0.175
93.480000 7.940000 171 0.175
94.510000 2.710000 134 0.175
94.610000 5.520000 135 0.175
93.280000 6.480000 104 0.175
94.650000 5.350000 133 0.175
92.640000 7.710000 109 0.175
95.110000 4.720000 132 0.175
94.630000 2.750000 149 0.175
95.610000 2.930000 313 0.175
93.870000 3.350000 347 0.175
92.650000 8.740000 171 0.175
92.810000 6.820000 100 0.175
92.350000 10.550000 162 0.175
95.210000 4.730000 135 0.175
93.000000 6.700000 345 0.175
93.760000 3.370000 334 0.175
93.000000 6.720000 150 0.175
93.160000 8.380000 170 0.175
93.140000 9.360000 192 0.175
94.900000 5.140000 138 0.175
95.570000 2.800000 145 0.175
93.880000 3.110000 330 0.175
94.660000 5.450000 139 0.175
94.280000 5.530000 135 0.175
94.400000 5.770000 148 0.175
94.300000 5.530000 135 0.175
92.510000 12.240000 160 0.175
94.390000 2.700000 117 0.175
94.540000 5.290000 138 0.175
94.490000 5.350000 115 0.175
92.530000 7.120000 160 0.175
95.190000 4.320000 127 0.175
93.280000 5.900000 36 0.175
94.830000 5.030000 134 0.175
92.910000 6.200000 119 0.175
95.270000 3.170000 291 0.175
94.860000 5.110000 131 0.175
95.140000 4.730000 137 0.175
95.620000 2.910000 140 0.175
94.400000 5.470000 131 0.175
94.810000 4.930000 180 0.175
93.220000 8.110000 164 0.175
92.700000 7.140000 167 0.175
92.760000 7.190000 158 0.175
96.490000 3.180000 141 0.175
95.460000 3.240000 281 0.175
94.460000 5.390000 135 0.175
92.790000 6.360000 162 0.175
94.340000 5.350000 146 0.175
92.220000 10.580000 164 0.175
92.360000 10.670000 168 0.175
93.070000 6.500000 140 0.175
94.790000 4.920000 138 0.175
94.600000 5.120000 162 0.175
91.730000 10.560000 172 0.175
93.650000 3.530000 319 0.175
93.030000 6.720000 147 0.175
94.760000 5.590000 134 0.175
94.390000 5.490000 141 0.175
94.830000 5.320000 133 0.175
91.910000 10.630000 150 0.175
94.780000 4.870000 175 0.175
92.400000 7.590000 160 0.175
95.110000 4.930000 133 0.175
92.280000 10.530000 149 0.175
95.440000 2.900000 108 0.175
94.790000 5.060000 132 0.175
94.620000 5.550000 135 0.175
94.740000 5.120000 150 0.175
94.380000 5.620000 135 0.175
93.250000 8.860000 9 0.175
95.200000 4.800000 135 0.175
93.920000 3.130000 143 0.175
105.240000 -6.460000 119 0.175
95.920000 3.870000 138 0.175
92.020000 10.620000 155 0.175
94.700000 22.970000 153 0.175
97.200000 1.220000 112 0.175
94.140000 3.630000 350 0.175
94.090000 3.600000 0 0.175
94.160000 3.580000 343 0.175
94.390000 2.600000 145 0.175
94.810000 4.750000 145 0.175
94.670000 5.450000 132 0.175
94.600000 2.700000 140 0.175
94.330000 5.340000 162 0.175
91.780000 10.780000 20 0.175
94.310000 5.510000 136 0.175
94.710000 5.070000 141 0.175
93.000000 13.100000 353 0.175
93.700000 3.330000 152 0.175
93.750000 3.320000 356 0.175
94.320000 5.510000 134 0.175
94.560000 5.180000 124 0.175
94.230000 2.800000 311 0.175
94.500000 5.270000 138 0.175
92.840000 6.830000 128 0.175
95.750000 2.720000 147 0.175
94.990000 2.260000 294 0.175
93.580000 13.850000 145 0.175
95.800000 19.820000 356 0.175
95.160000 2.280000 131 0.175
92.620000 6.800000 176 0.175
95.120000 4.800000 132 0.175
94.790000 5.080000 130 0.175
94.800000 5.070000 132 0.175
98.730000 -0.130000 87 0.175
95.160000 4.700000 135 0.175
94.420000 5.450000 133 0.175
101.610000 -5.640000 116 0.175
94.330000 5.230000 147 0.175
92.210000 11.400000 167 0.175
93.750000 3.260000 317 0.175
91.770000 10.830000 188 0.175
95.460000 2.880000 128 0.175
95.730000 2.890000 142 0.175
94.260000 2.740000 141 0.175
95.590000 2.910000 139 0.175
101.540000 -5.610000 142 0.175
91.830000 9.310000 178 0.175
93.060000 9.400000 165 0.175
94.690000 5.480000 135 0.175
92.970000 11.550000 211 0.175
94.600000 5.490000 134 0.175
93.150000 9.440000 170 0.175
94.430000 5.440000 131 0.175
102.750000 -5.640000 123 0.175
95.090000 4.860000 133 0.175
95.670000 4.000000 140 0.175
92.570000 12.310000 174 0.175
94.370000 5.490000 140 0.175
97.110000 2.090000 125 0.175
96.580000 2.650000 113 0.175
97.260000 1.080000 122 0.175
97.760000 1.800000 142 0.175
97.330000 2.350000 130 0.175
97.320000 1.070000 113 0.175
97.100000 1.770000 128 0.175
96.940000 1.890000 132 0.175
97.720000 0.180000 70 0.175
97.240000 2.530000 128 0.175
95.410000 2.990000 137 0.175
95.420000 2.930000 136 0.175
97.170000 1.250000 117 0.175
94.370000 5.440000 168 0.175
97.160000 1.230000 154 0.175
96.720000 2.110000 119 0.175
97.070000 1.860000 135 0.175
97.190000 1.310000 134 0.175
97.120000 1.700000 130 0.175
94.580000 5.110000 166 0.175
97.210000 1.320000 135 0.175
97.740000 0.350000 110 0.175
97.090000 1.360000 149 0.175
96.370000 2.290000 134 0.175
96.690000 2.170000 134 0.175
97.090000 2.700000 138 0.175
97.240000 1.130000 138 0.175
99.840000 -1.730000 150 0.175
98.320000 0.370000 129 0.175
97.940000 2.020000 127 0.175
97.140000 1.170000 142 0.175
96.280000 2.970000 27 0.175
96.750000 2.090000 127 0.175
97.410000 1.030000 165 0.175
97.870000 1.610000 135 0.175
97.150000 1.280000 119 0.175
97.860000 1.970000 93 0.175
94.330000 5.260000 128 0.175
96.330000 2.190000 180 0.175
102.420000 -3.980000 116 0.175
96.770000 2.070000 117 0.175
97.240000 1.200000 129 0.175
97.440000 0.560000 269 0.175
97.160000 1.350000 150 0.175
97.200000 1.310000 135 0.175
99.420000 -1.570000 288 0.175
97.160000 1.400000 137 0.175
97.270000 1.100000 143 0.175
92.230000 10.570000 181 0.175
99.610000 -1.640000 323 0.175
99.780000 -1.710000 293 0.175
99.720000 -1.710000 329 0.175
99.640000 -1.630000 105 0.175
99.930000 -1.780000 307 0.175
99.640000 -1.620000 139 0.175
99.620000 -1.650000 354 0.175
99.780000 -1.830000 75 0.175
99.720000 -1.590000 297 0.175
99.800000 -1.700000 99 0.175
99.800000 -1.640000 323 0.175
99.790000 -1.750000 117 0.175
99.560000 -1.540000 328 0.175
103.790000 -6.230000 101 0.175
99.660000 -1.690000 111 0.175
96.760000 2.170000 137 0.175
96.830000 2.080000 132 0.175
99.730000 -1.730000 172 0.175
99.690000 -1.740000 122 0.175
99.850000 -1.760000 350 0.175
99.450000 -1.590000 308 0.175
99.800000 -1.760000 346 0.175
99.850000 -1.710000 345 0.175
93.700000 3.370000 337 0.175
99.880000 -1.710000 102 0.175
99.950000 -1.910000 124 0.175
104.750000 -6.080000 122 0.175
96.330000 2.930000 10 0.175
97.110000 1.100000 155 0.175
97.660000 1.810000 124 0.175
99.560000 -1.620000 260 0.175
99.620000 -1.630000 142 0.175
97.490000 0.930000 139 0.175
96.300000 2.360000 120 0.175
95.990000 2.750000 129 0.175
96.310000 2.370000 112 0.175
97.250000 1.080000 138 0.175
94.070000 3.030000 166 0.175
97.020000 2.290000 146 0.175
97.170000 1.360000 131 0.175
93.170000 4.290000 173 0.175
96.800000 2.130000 136 0.175
97.130000 1.970000 134 0.175
99.300000 -1.660000 145 0.175
99.860000 -1.620000 298 0.175
97.090000 1.300000 146 0.175
95.880000 2.460000 129 0.175
94.270000 5.230000 155 0.175
94.840000 5.100000 134 0.175
103.140000 -6.230000 111 0.175
97.320000 1.200000 131 0.175
97.230000 1.240000 139 0.175
97.000000 2.600000 167 0.175
94.470000 5.060000 168 0.175
96.270000 2.420000 115 0.175
98.460000 0.590000 149 0.175
98.570000 0.350000 160 0.175
93.510000 3.740000 351 0.175
97.930000 0.220000 185 0.175
97.040000 1.990000 135 0.175
97.920000 1.960000 152 0.175
97.170000 1.400000 99 0.175
94.800000 5.280000 135 0.175
97.450000 0.800000 134 0.175
94.530000 2.650000 119 0.175
95.600000 2.910000 145 0.175
97.180000 1.350000 133 0.175
96.670000 2.040000 152 0.175
94.430000 5.240000 188 0.175
94.650000 5.460000 144 0.175
94.630000 28.880000 93 0.175
97.150000 1.460000 136 0.175
96.720000 2.170000 134 0.175
97.090000 1.810000 129 0.175
97.510000 1.010000 130 0.175
94.170000 2.740000 313 0.175
94.750000 5.620000 133 0.175
96.800000 2.140000 138 0.175
97.250000 1.170000 138 0.175
96.350000 2.300000 134 0.175
94.750000 4.950000 125 0.175
92.620000 6.610000 173 0.175
107.460000 -7.850000 96 0.175
95.150000 4.810000 137 0.175
93.270000 4.180000 165 0.175
97.140000 1.280000 120 0.175
97.250000 1.100000 148 0.175
93.610000 13.850000 143 0.175
97.080000 1.820000 131 0.175
95.060000 2.260000 337 0.175
103.550000 -5.920000 106 0.175
93.420000 3.960000 160 0.175
94.390000 2.630000 95 0.175
97.110000 1.330000 100 0.175
97.230000 1.270000 135 0.175
92.900000 10.350000 160 0.175
94.990000 21.010000 105 0.175
94.590000 2.590000 137 0.175
94.420000 5.460000 160 0.175
94.800000 5.110000 135 0.175
99.630000 -1.490000 3 0.175
96.840000 1.180000 141 0.175
96.020000 2.640000 122 0.175
93.690000 3.220000 314 0.175
93.770000 3.290000 330 0.175
97.420000 1.090000 138 0.175
94.480000 5.180000 132 0.175
97.760000 0.350000 131 0.175
97.820000 0.380000 117 0.175
97.150000 1.220000 106 0.175
94.260000 5.250000 138 0.175
92.670000 6.720000 167 0.175
94.020000 3.020000 130 0.175
97.210000 1.370000 136 0.175
94.570000 5.440000 136 0.175
96.690000 2.160000 145 0.175
94.580000 5.550000 130 0.175
97.140000 1.470000 135 0.175
92.250000 11.040000 179 0.175
97.740000 0.320000 137 0.175
99.620000 -1.660000 320 0.175
94.790000 5.070000 129 0.175
102.700000 -3.800000 57 0.175
95.140000 4.750000 96 0.175
94.690000 5.500000 141 0.175
97.400000 0.630000 140 0.175
95.040000 4.860000 129 0.175
96.310000 2.430000 140 0.175
94.780000 24.560000 156 0.175
97.170000 1.340000 102 0.175
95.970000 3.980000 87 0.175
103.880000 -5.950000 114 0.175
97.240000 1.110000 138 0.175
94.390000 5.540000 126 0.175
107.030000 -7.890000 101 0.175
94.280000 5.560000 137 0.175
97.870000 1.980000 128 0.175
92.300000 10.890000 169 0.175
95.100000 4.820000 131 0.175
97.950000 2.030000 129 0.175
99.530000 -1.460000 307 0.175
95.830000 2.740000 114 0.175
99.540000 -1.790000 108 0.175
96.360000 2.310000 140 0.175
96.210000 2.360000 96 0.175
97.130000 1.690000 102 0.175
84.860000 28.390000 291 0.175
97.270000 1.230000 135 0.175
95.470000 2.820000 125 0.175
96.790000 2.160000 138 0.175
103.510000 -4.000000 298 0.175
96.940000 0.730000 294 0.175
97.270000 1.160000 135 0.175
97.240000 1.140000 126 0.175
93.820000 3.090000 310 0.175
97.160000 1.060000 175 0.175
96.280000 2.390000 103 0.175
97.200000 1.360000 136 0.175
97.330000 0.150000 359 0.175
94.520000 5.120000 138 0.175
95.920000 2.840000 135 0.175
95.140000 4.740000 134 0.175
97.900000 0.120000 129 0.175
97.860000 0.040000 136 0.175
97.530000 0.980000 123 0.175
94.750000 4.870000 133 0.175
93.270000 13.030000 184 0.175
96.070000 2.700000 134 0.175
93.000000 4.920000 320 0.175
86.380000 27.250000 98 0.175
92.410000 11.900000 175 0.175
96.450000 2.220000 125 0.175
97.100000 1.610000 126 0.175
97.220000 1.060000 135 0.175
95.450000 2.860000 135 0.175
96.250000 2.410000 133 0.175
88.390000 27.380000 68 0.175
94.440000 5.350000 116 0.175
81.340000 -7.670000 44 0.175
105.980000 -8.670000 122 0.175
106.040000 -8.660000 115 0.175
94.690000 5.610000 131 0.175
95.900000 2.670000 164 0.175
101.440000 -4.550000 113 0.175
101.410000 -4.570000 152 0.175
107.760000 -7.760000 228 0.175
97.080000 1.660000 111 0.175
93.640000 13.880000 154 0.175
106.720000 -7.370000 99 0.175
94.780000 5.070000 127 0.175
96.050000 4.130000 170 0.175
93.970000 2.940000 335 0.175
95.680000 2.720000 147 0.175
94.930000 2.270000 15 0.175
96.390000 2.410000 125 0.175
93.070000 4.750000 155 0.175
100.010000 -0.630000 165 0.175
93.220000 9.410000 147 0.175
97.000000 1.990000 137 0.175
102.360000 -4.840000 115 0.175
97.160000 1.300000 122 0.175
94.320000 23.310000 180 0.175
94.440000 5.510000 139 0.175
92.460000 6.980000 155 0.175
94.570000 5.510000 132 0.175
94.370000 2.650000 296 0.175
97.130000 1.420000 136 0.175
92.450000 6.940000 161 0.175
102.150000 -4.750000 206 0.175
92.790000 6.500000 167 0.175
93.600000 3.720000 166 0.175
107.410000 -9.250000 98 0.175
105.390000 -6.530000 101 0.175
97.150000 1.710000 131 0.175
97.180000 1.460000 131 0.175
96.350000 2.400000 134 0.175
94.660000 5.520000 130 0.175
95.100000 4.720000 151 0.175
104.150000 28.010000 232 0.175
107.940000 -9.160000 126 0.175
94.780000 5.120000 125 0.175
97.470000 1.070000 110 0.175
93.120000 9.450000 174 0.175
97.250000 1.320000 101 0.175
95.010000 4.940000 306 0.175
97.430000 1.110000 135 0.175
97.360000 1.040000 128 0.175
92.330000 24.540000 249 0.175
94.780000 4.750000 140 0.175
94.770000 4.740000 147 0.175
99.090000 3.400000 191 0.175
94.750000 5.080000 134 0.175
95.020000 4.820000 131 0.175
92.360000 10.650000 164 0.175
94.350000 5.450000 132 0.175
101.410000 -5.440000 92 0.175
97.960000 0.250000 135 0.175
92.440000 8.080000 165 0.175
101.450000 -5.490000 120 0.175
95.810000 2.820000 132 0.175
97.110000 1.730000 103 0.175
107.190000 -7.820000 54 0.175
97.320000 0.450000 105 0.175
94.260000 5.210000 136 0.175
97.230000 0.640000 90 0.175
97.370000 1.070000 138 0.175
102.980000 -4.390000 133 0.175
96.340000 3.780000 188 0.175
97.910000 1.960000 126 0.175
102.950000 -4.430000 113 0.175
95.700000 2.920000 138 0.175
94.640000 5.360000 133 0.175
94.620000 5.510000 131 0.175
99.870000 -2.330000 127 0.175
97.250000 1.250000 131 0.175
96.030000 4.110000 129 0.175
96.750000 2.010000 136 0.175
96.150000 2.670000 127 0.175
94.580000 5.420000 133 0.175
103.220000 -7.350000 117 0.175
104.540000 -5.950000 126 0.175
97.460000 5.000000 284 0.175
98.000000 2.270000 182 0.175
92.520000 7.160000 156 0.175
95.610000 19.310000 127 0.175
95.610000 19.240000 138 0.175
107.680000 -5.930000 82 0.175
107.419 -5.859 81 0.175
99.320000 1.800000 207 0.175
97.750000 0.290000 130 0.175
97.800000 0.340000 121 0.175
101.370000 -4.440000 123 0.175
100.840000 -2.620000 125 0.175
99.670000 -1.690000 119 0.175
99.630000 -2.130000 132 0.175
101.270000 -4.300000 97 0.175
101.530000 -3.160000 122 0.175
99.950000 -2.230000 131 0.175
101.830000 -3.780000 123 0.175
100.120000 -2.150000 120 0.175
101.170000 -4.070000 122 0.175
101.200000 -4.230000 115 0.175
101.220000 -4.230000 109 0.175
101.190000 -2.790000 123 0.175
101.240000 -2.800000 133 0.175
99.720000 -1.760000 326 0.175
101.110000 -2.760000 127 0.175
101.170000 -2.720000 127 0.175
101.200000 -2.830000 110 0.175
100.770000 -3.640000 122 0.175
101.350000 -3.260000 126 0.175
100.890000 -2.750000 125 0.175
101.230000 -4.300000 140 0.175
100.140000 -2.000000 123 0.175
99.940000 -2.000000 120 0.175
99.930000 -2.130000 129 0.175
100.850000 -3.680000 116 0.175
100.830000 -3.610000 123 0.175
100.380000 -3.160000 126 0.175
101.460000 -4.390000 118 0.175
100.460000 -1.770000 121 0.175
99.490000 -1.790000 123 0.175
95.540000 2.920000 136 0.175
95.520000 2.900000 141 0.175
101.220000 -4.240000 118 0.175
99.480000 -1.740000 124 0.175
100.980000 -3.900000 127 0.175
100.530000 -3.250000 134 0.175
101.680000 -3.410000 114 0.175
100.480000 -3.210000 125 0.175
100.800000 -3.590000 124 0.175
100.900000 -3.580000 119 0.175
99.900000 -2.000000 126 0.175
101.020000 -3.900000 123 0.175
100.790000 -3.540000 126 0.175
101.280000 -2.990000 126 0.175
100.540000 -3.270000 121 0.175
100.690000 -0.880000 192 0.175
96.360000 3.060000 114 0.175
95.060000 4.740000 130 0.175
101.160000 -2.810000 126 0.175
101.140000 -2.860000 124 0.175
97.880000 1.980000 126 0.175
101.360000 -4.620000 127 0.175
105.990000 -7.070000 165 0.175
94.570000 23.500000 277 0.175
96.800000 2.090000 141 0.175
101.030000 -2.780000 129 0.175
94.680000 5.480000 126 0.175
92.330000 22.760000 157 0.175
92.870000 10.410000 161 0.175
97.440000 1.010000 138 0.175
97.160000 1.340000 143 0.175
101.220000 -2.830000 127 0.175
97.270000 1.030000 134 0.175
101.210000 -3.010000 126 0.175
100.930000 -3.290000 120 0.175
99.950000 -2.430000 127 0.175
95.960000 2.770000 130 0.175
99.880000 -2.320000 126 0.175
99.960000 -2.510000 122 0.175
101.990000 -3.740000 120 0.175
99.950000 -2.340000 124 0.175
99.930000 -2.400000 125 0.175
99.970000 -2.490000 124 0.175
99.890000 -2.330000 125 0.175
99.810000 -2.240000 124 0.175
101.060000 -3.860000 113 0.175
93.480000 3.930000 153 0.175
99.820000 -2.180000 118 0.175
94.820000 5.080000 127 0.175
99.790000 -2.230000 133 0.175
100.810000 -3.760000 110 0.175
94.590000 2.700000 140 0.175
101.100000 -2.900000 126 0.175
95.300000 2.860000 135 0.175
102.720000 -4.350000 117 0.175
101.410000 -3.270000 126 0.175
107.880000 -7.780000 93 0.175
101.320000 -3.020000 121 0.175
94.700000 5.510000 117 0.175
95.090000 4.680000 132 0.175
101.390000 -3.180000 124 0.175
101.470000 -3.180000 122 0.175
102.460000 -4.190000 113 0.175
101.270000 -4.130000 120 0.175
101.100000 -4.450000 125 0.175
97.760000 0.350000 127 0.175
99.970000 -2.080000 121 0.175
97.480000 0.820000 132 0.175
92.700000 6.790000 161 0.175
101.430000 -3.180000 131 0.175
97.160000 1.320000 121 0.175
97.190000 1.340000 131 0.175
95.330000 25.970000 262 0.175
96.550000 2.230000 130 0.175
91.660000 11.610000 196 0.175
93.580000 13.860000 143 0.175
101.080000 -3.940000 124 0.175
100.990000 -3.910000 135 0.175
103.060000 -3.930000 257 0.175
96.320000 2.510000 129 0.175
102.220000 -5.210000 102 0.175
81.680000 -3.330000 221 0.175
97.250000 1.140000 130 0.175
101.260000 -4.350000 119 0.175
101.750000 -4.740000 119 0.175
100.750000 -3.650000 124 0.175
101.040000 -2.830000 126 0.175
103.510000 -6.070000 124 0.175
95.040000 4.830000 129 0.175
101.220000 -4.300000 120 0.175
101.300000 -4.330000 123 0.175
94.170000 6.450000 98 0.175
100.720000 -3.530000 116 0.175
98.180000 -0.350000 118 0.175
98.270000 -0.260000 126 0.175
98.550000 0.480000 125 0.175
97.180000 1.440000 131 0.175
95.050000 4.670000 123 0.175
94.310000 5.260000 132 0.175
100.630000 -3.510000 124 0.175
94.440000 6.260000 94 0.175
97.290000 1.180000 136 0.175
100.410000 -3.090000 125 0.175
100.470000 -3.120000 125 0.175
100.320000 -3.330000 129 0.175
99.090000 2.800000 148 0.175
101.140000 -5.440000 87 0.175
102.900000 -4.890000 136 0.175
103.050000 -4.990000 118 0.175
102.300000 -2.580000 202 0.175
102.910000 -4.800000 118 0.175
101.700000 -5.500000 95 0.175
101.580000 -5.520000 95 0.175
108.740000 -8.800000 95 0.175
94.790000 24.320000 241 0.175
99.490000 -1.480000 338 0.175
99.430000 -1.450000 344 0.175
99.270000 -1.530000 353 0.175
99.550000 -1.380000 2 0.175
99.420000 -1.450000 356 0.175
97.950000 -0.910000 130 0.175
99.370000 -1.370000 311 0.175
99.480000 -1.420000 356 0.175
99.570000 -1.650000 322 0.175
94.660000 5.470000 145 0.175
95.100000 25.280000 150 0.175
99.470000 -1.360000 287 0.175
107.300000 -7.780000 198 0.175
94.680000 24.330000 255 0.175
104.790000 -6.290000 129 0.175
94.320000 5.260000 172 0.175
102.670000 -4.500000 142 0.175
91.440000 27.330000 97 0.175
94.790000 20.400000 136 0.175
99.870000 -0.720000 193 0.175
105.220000 -6.530000 105 0.175
91.420000 27.260000 96 0.175
102.980000 -5.000000 113 0.175
103.120000 -4.730000 117 0.175
95.910000 2.770000 134 0.175
91.820000 22.000000 160 0.175
99.390000 -1.430000 339 0.175
94.810000 24.360000 244 0.175
102.690000 -4.260000 129 0.175
99.090000 -0.320000 111 0.175
100.910000 -2.880000 116 0.175
94.290000 2.780000 312 0.175
105.930000 -7.280000 132 0.175
94.710000 23.200000 83 0.175
100.980000 -3.760000 124 0.175
94.620000 23.060000 227 0.175
97.200000 1.340000 132 0.175
83.730000 -2.720000 74 0.175
102.830000 -4.640000 114 0.175
100.140000 -2.150000 121 0.175
97.050000 2.380000 129 0.175
101.100000 -4.050000 125 0.175
101.000000 -3.880000 121 0.175
96.020000 3.750000 130 0.175
95.850000 3.500000 128 0.175
107.220000 -7.840000 351 0.175
100.970000 -3.860000 129 0.175
93.450000 11.120000 256 0.175
108.280000 -9.560000 117 0.175
93.090000 13.200000 333 0.175
101.340000 -4.490000 122 0.175
97.190000 1.240000 142 0.175
92.250000 10.230000 168 0.175
80.400000 29.840000 85 0.175
97.140000 1.390000 139 0.175
104.620000 -6.500000 109 0.175
103.960000 -6.350000 118 0.175
107.060000 -7.490000 99 0.175
96.720000 2.220000 130 0.175
103.580000 -4.120000 271 0.175
103.460000 -6.910000 104 0.175
96.950000 1.950000 127 0.175
94.740000 5.000000 129 0.175
94.740000 5.050000 126 0.175
95.390000 3.660000 165 0.175
94.340000 6.630000 91 0.175
100.080000 -3.490000 130 0.175
100.380000 -2.950000 128 0.175
100.460000 -3.290000 124 0.175
99.890000 -2.340000 120 0.175
104.060000 -6.340000 117 0.175
99.420000 -1.740000 121 0.175
107.210000 -7.860000 187 0.175
106.930000 -8.020000 96 0.175
100.180000 -3.770000 118 0.175
104.010000 -6.260000 128 0.175
96.000000 3.880000 152 0.175
94.670000 5.420000 127 0.175
95.890000 2.710000 133 0.175
95.960000 3.950000 121 0.175
101.430000 -4.460000 129 0.175
100.000000 -2.650000 129 0.175
105.080000 -6.960000 98 0.175
96.290000 2.490000 135 0.175
96.290000 2.400000 143 0.175
100.540000 -3.610000 124 0.175
102.650000 -5.030000 125 0.175
96.400000 2.630000 133 0.175
95.520000 2.890000 128 0.175
95.520000 2.900000 140 0.175
102.140000 -4.250000 125 0.175
96.830000 2.200000 138 0.175
96.760000 1.990000 141 0.175
94.680000 24.640000 142 0.175
98.820000 0.810000 186 0.175
97.890000 1.900000 129 0.175
97.450000 0.830000 156 0.175
80.760000 29.690000 96 0.175
106.220000 -6.930000 115 0.175
97.100000 1.620000 135 0.175
108.520000 -8.040000 163 0.175
100.630000 -3.530000 141 0.175
101.850000 -4.890000 131 0.175
103.480000 -5.710000 123 0.175
101.360000 -3.250000 127 0.175
98.720000 25.080000 103 0.175
101.890000 -5.040000 127 0.175
97.170000 1.420000 141 0.175
106.460000 -7.200000 132 0.175
101.100000 -2.830000 127 0.175
101.090000 -2.910000 126 0.175
102.400000 -4.250000 111 0.175
94.950000 4.740000 125 0.175
104.050000 -6.280000 122 0.175
96.350000 2.480000 122 0.175
103.710000 -6.140000 123 0.175
103.050000 -4.070000 27 0.175
99.940000 -2.460000 130 0.175
101.350000 -3.250000 124 0.175
95.240000 24.950000 284 0.175
99.450000 -2.220000 142 0.175
99.450000 -2.270000 143 0.175
97.870000 0.170000 133 0.175
102.180000 -4.320000 128 0.175
104.340000 -5.840000 112 0.175
99.070000 -0.940000 102 0.175
96.270000 2.400000 133 0.175
96.680000 2.070000 146 0.175
102.200000 -3.680000 148 0.175
94.400000 4.990000 165 0.175
102.710000 -4.320000 122 0.175
95.110000 4.620000 133 0.175
94.570000 5.410000 130 0.175
100.430000 -3.350000 139 0.175
93.790000 3.310000 313 0.175
92.140000 0.240000 243 0.175
105.460000 -6.810000 136 0.175
94.080000 2.840000 331 0.175
93.820000 3.250000 311 0.175
93.850000 3.260000 316 0.175
93.820000 3.270000 332 0.175
93.350000 2.150000 103 0.175
93.720000 3.270000 301 0.175
94.460000 2.700000 145 0.175
100.440000 -3.340000 135 0.175
94.510000 2.700000 147 0.175
105.420000 -8.350000 138 0.175
94.470000 2.640000 316 0.175
100.150000 -2.820000 117 0.175
106.370000 -7.690000 111 0.175
94.670000 5.480000 125 0.175
105.490000 -5.680000 138 0.175
100.990000 -2.920000 128 0.175
103.190000 -4.930000 122 0.175
100.590000 -3.640000 133 0.175
109.100000 -7.980000 96 0.175
102.790000 -4.380000 95 0.175
96.040000 2.710000 136 0.175
104.420000 -6.000000 119 0.175
100.470000 -1.760000 132 0.175
96.960000 1.900000 139 0.175
94.750000 5.060000 125 0.175
103.000000 -4.750000 119 0.175
82.690000 28.470000 114 0.175
103.990000 27.580000 236 0.175
100.590000 -3.320000 130 0.175
103.740000 -6.170000 134 0.175
89.700000 2.610000 209 0.175
101.920000 -2.920000 71 0.175
92.820000 26.880000 329 0.175
97.670000 -0.430000 152 0.175
98.380000 0.880000 168 0.175
107.530000 -6.760000 253 0.175
97.460000 0.890000 148 0.175
106.670000 -7.370000 88 0.175
102.830000 -4.530000 124 0.175
93.640000 13.850000 137 0.175
94.780000 22.440000 256 0.175
95.050000 25.330000 137 0.175
95.100000 4.720000 129 0.175
101.300000 -2.990000 128 0.175
94.980000 4.570000 135 0.175
104.380000 -6.550000 113 0.175
107.290000 -7.000000 122 0.175
92.220000 24.680000 89 0.175
95.830000 2.710000 122 0.175
95.650000 19.220000 318 0.175
102.530000 -4.150000 122 0.175
95.750000 19.250000 150 0.175
98.640000 0.220000 134 0.175
106.070000 -7.090000 107 0.175
95.620000 19.260000 330 0.175
95.150000 28.890000 120 0.175
104.960000 28.380000 186 0.175
95.920000 3.890000 129 0.175
107.910000 -9.160000 125 0.175
107.440000 -9.330000 109 0.175
102.380000 -4.940000 139 0.175
82.280000 28.660000 109 0.175
100.560000 -3.270000 126 0.175
100.460000 -3.360000 131 0.175
97.970000 5.380000 76 0.175
94.430000 22.040000 164 0.175
94.730000 23.940000 111 0.175
100.400000 -3.290000 138 0.175
94.380000 5.360000 130 0.175
103.040000 -4.740000 135 0.175
91.750000 1.250000 212 0.175
88.400000 27.290000 85 0.175
103.090000 -5.800000 120 0.175
95.860000 3.960000 131 0.175
107.800000 -8.110000 91 0.175
94.460000 5.390000 127 0.175
107.930000 -7.870000 92 0.175
98.560000 0.260000 175 0.175
96.830000 2.040000 139 0.175
96.680000 2.030000 141 0.175
91.510000 1.350000 267 0.175
102.850000 -4.920000 120 0.175
109.260000 -8.230000 256 0.175
109.290000 -8.050000 251 0.175
97.260000 1.210000 140 0.175
97.140000 1.190000 167 0.175
94.260000 7.300000 272 0.175
103.810000 -4.560000 249 0.175
100.430000 -3.990000 138 0.175
102.280000 -5.240000 146 0.175
103.620000 28.170000 235 0.175
97.970000 1.960000 128 0.175
97.880000 1.870000 129 0.175
109.120000 -8.490000 61 0.175
92.760000 4.250000 45 0.175
93.860000 3.150000 315 0.175
102.640000 -6.950000 127 0.175
104.120000 -6.340000 114 0.175
108.050000 -7.760000 96 0.175
96.940000 1.930000 138 0.175
94.650000 5.400000 134 0.175
94.450000 6.040000 100 0.175
97.260000 1.150000 141 0.175
97.240000 1.130000 143 0.175
104.620000 -6.220000 121 0.175
93.870000 12.870000 286 0.175
97.220000 1.050000 152 0.175
93.440000 3.950000 172 0.175
107.170000 -6.500000 268 0.175
103.950000 -6.020000 217 0.175
95.070000 4.780000 112 0.175
105.990000 -7.180000 100 0.175
97.920000 1.650000 167 0.175
100.140000 -3.830000 136 0.175
95.770000 2.720000 127 0.175
86.370000 27.740000 117 0.175
102.180000 -6.130000 145 0.175
103.200000 29.350000 340 0.175
102.790000 -4.760000 71 0.175
95.190000 25.020000 138 0.175
97.240000 1.340000 141 0.175
104.890000 28.350000 212 0.175
98.720000 -0.780000 131 0.175
96.790000 2.000000 128 0.175
93.380000 9.890000 223 0.175
102.660000 -4.460000 143 0.175
105.330000 -6.710000 73 0.175
102.480000 -5.680000 123 0.175
82.390000 28.900000 330 0.175
84.710000 28.150000 101 0.175
84.820000 28.220000 85 0.175
86.020000 27.770000 101 0.175
85.810000 27.770000 98 0.175
86.070000 27.810000 99 0.175
86.160000 27.620000 90 0.175
86.070000 27.560000 91 0.175
93.580000 14.010000 158 0.175
94.740000 4.990000 135 0.175
96.230000 19.080000 312 0.175
94.720000 5.060000 127 0.175
108.920000 -8.250000 258 0.175
95.120000 4.680000 134 0.175
107.220000 -8.040000 204 0.175
103.710000 -6.030000 123 0.175
103.640000 -6.080000 123 0.175
107.400000 -8.050000 129 0.175
100.300000 27.550000 6 0.175
98.040000 0.580000 288 0.175
94.860000 22.450000 330 0.175
106.020000 -6.950000 205 0.175
102.970000 -4.960000 118 0.175
81.650000 29.400000 102 0.175
107.020000 -8.370000 103 0.175
96.690000 2.070000 148 0.175
107.390000 -8.200000 101 0.175
102.190000 -4.170000 119 0.175
94.860000 23.100000 269 0.175
100.490000 -3.620000 128 0.175
96.210000 2.350000 130 0.175
104.630000 -5.030000 261 0.175
107.560000 -8.070000 89 0.175
101.270000 -3.330000 126 0.175
99.410000 -2.190000 136 0.175
97.410000 0.980000 143 0.175
102.300000 -4.510000 189 0.175
94.570000 21.510000 254 0.175
96.750000 2.010000 128 0.175
94.930000 21.310000 79 0.175
104.160000 -5.960000 130 0.175
94.700000 23.900000 254 0.175
94.570000 20.920000 164 0.175
100.180000 -2.910000 123 0.175
98.610000 0.550000 133 0.175
101.770000 -4.910000 140 0.175
102.750000 -4.430000 126 0.175
86.530000 27.800000 100 0.175
80.630000 29.980000 110 0.175
96.690000 3.490000 101 0.175
96.210000 5.300000 203 0.175
94.610000 5.410000 125 0.175
105.730000 29.470000 32 0.175
108.800000 -8.750000 99 0.175
100.350000 -1.720000 125 0.175
102.720000 -5.270000 123 0.175
94.560000 5.420000 130 0.175
104.830000 28.180000 223 0.175
107.390000 -7.520000 105 0.175
96.070000 5.300000 269 0.175
96.150000 5.250000 242 0.175
102.020000 -4.210000 124 0.175
102.190000 -6.260000 127 0.175
95.860000 3.640000 157 0.175
104.370000 -6.040000 137 0.175
99.630000 -2.160000 138 0.175
108.020000 -7.740000 96 0.175
105.980000 -7.410000 114 0.175
98.980000 2.750000 163 0.175
101.380000 -5.660000 137 0.175
102.240000 -2.670000 217 0.175
108.990000 -8.160000 94 0.175
101.620000 -3.770000 131 0.175
99.890000 -2.300000 136 0.175
99.690000 -1.160000 141 0.175
104.960000 -6.040000 224 0.175
93.110000 9.280000 178 0.175
93.160000 10.240000 125 0.175
102.100000 -3.370000 204 0.175
95.790000 -7.360000 95 0.175
104.610000 -6.510000 122 0.175
94.980000 29.830000 318 0.175
96.980000 1.370000 137 0.175
102.950000 -5.030000 117 0.175
106.820000 -7.880000 133 0.175
101.040000 -2.810000 128 0.175
94.900000 24.740000 21 0.175
96.070000 18.370000 320 0.175
93.160000 12.350000 246 0.175
96.150000 18.390000 338 0.175
105.940000 -7.410000 104 0.175
102.850000 -4.540000 124 0.175
103.890000 -6.530000 135 0.175
105.530000 -6.980000 114 0.175
96.160000 18.320000 326 0.175
96.140000 18.360000 317 0.175
104.910000 -6.340000 133 0.175
93.580000 7.550000 172 0.175
95.060000 4.570000 136 0.175
93.430000 9.520000 118 0.175
97.100000 1.390000 143 0.175
96.990000 27.180000 105 0.175
95.100000 24.600000 125 0.175
98.590000 -2.020000 139 0.175
98.690000 -1.950000 138 0.175
98.670000 -1.930000 135 0.175
98.640000 -1.930000 140 0.175
96.070000 18.270000 336 0.175
103.390000 -5.790000 141 0.175
99.840000 -1.690000 286 0.175
99.430000 -2.350000 132 0.175
99.470000 -2.290000 148 0.175
98.320000 0.630000 283 0.175
96.890000 0.820000 160 0.175
97.820000 4.560000 328 0.175
95.900000 3.880000 134 0.175
106.030000 -6.180000 197 0.175
101.820000 -3.760000 127 0.175
94.740000 4.990000 132 0.175
96.920000 27.200000 84 0.175
100.930000 -2.970000 115 0.175
101.520000 -3.530000 120 0.175
98.750000 -1.550000 121 0.175
94.560000 5.380000 129 0.175
99.680000 -2.450000 140 0.175
104.920000 28.190000 223 0.175
106.570000 -7.880000 100 0.175
101.280000 -3.390000 126 0.175
104.190000 -6.840000 124 0.175
100.010000 -2.830000 134 0.175
100.070000 -2.850000 131 0.175
100.130000 -2.880000 127 0.175
100.100000 -2.970000 136 0.175
98.040000 -0.430000 131 0.175
96.360000 27.330000 127 0.175
104.610000 29.470000 202 0.175
99.890000 -2.050000 131 0.175
97.830000 1.920000 126 0.175
98.780000 1.120000 200 0.175
94.560000 28.410000 97 0.175
102.140000 -4.270000 184 0.175
102.030000 -5.400000 125 0.175
97.720000 0.380000 134 0.175
97.740000 0.340000 124 0.175
108.950000 -8.200000 114 0.175
99.030000 -0.300000 114 0.175
104.870000 28.440000 326 0.175
104.990000 28.400000 305 0.175
104.810000 28.400000 190 0.175
104.840000 28.490000 210 0.175
87.110000 9.380000 271 0.175
92.830000 27.720000 43 0.175
92.800000 27.740000 51 0.175
106.140000 -6.980000 99 0.175
104.790000 -7.280000 65 0.175
99.390000 -0.740000 137 0.175
102.910000 -7.110000 144 0.175
102.940000 -7.220000 143 0.175
104.930000 29.530000 205 0.175
91.650000 10.980000 188 0.175
101.190000 -4.480000 128 0.175
101.130000 -4.430000 130 0.175
99.590000 -2.640000 134 0.175
99.860000 -2.380000 137 0.175
97.400000 0.830000 154 0.175
81.140000 29.320000 95 0.175
97.890000 -0.890000 151 0.175
106.690000 22.940000 204 0.175
106.730000 22.920000 217 0.175
100.940000 -2.970000 128 0.175
104.950000 29.610000 193 0.175
92.400000 7.070000 320 0.175
107.440000 -8.010000 107 0.175
96.360000 2.350000 136 0.175
99.900000 -1.910000 133 0.175
99.880000 -1.970000 146 0.175
103.120000 -3.950000 30 0.175
103.010000 -5.850000 117 0.175
94.030000 22.800000 347 0.175
