96.320000 3.400000 68 .1
97.070000 26.680000 53 .1
99.860000 1.580000 182 .1
101.980000 -4.440000 42 .1
98.680000 0.670000 62 .1
101.490000 -3.100000 49 .1
102.230000 -4.600000 57 .1
107.640000 -8.170000 236 .1
107.570000 -7.760000 21 .1
107.090000 -6.570000 101 .1
102.020000 -4.350000 23 .1
93.020000 12.800000 219 .1
93.070000 12.860000 252 .1
102.890000 -4.230000 49 .1
94.720000 23.090000 61 .1
103.970000 -5.850000 68 .1
102.810000 -5.120000 68 .1
102.360000 -5.060000 41 .1
84.280000 -0.910000 154 .1
102.410000 -4.020000 58 .1
93.690000 20.890000 183 .1
101.250000 -4.080000 69 .1
96.330000 5.230000 139 .1
98.130000 -1.240000 22 .1
98.220000 -1.210000 40 .1
98.250000 -0.390000 358 .1
100.960000 -1.080000 197 .1
94.720000 24.500000 199 .1
94.410000 7.310000 145 .1
95.260000 24.900000 134 .1
98.760000 -4.430000 337 .1
102.320000 -6.370000 95 .1
108.860000 -8.710000 352 .1
103.040000 -5.710000 49 .1
106.040000 -7.210000 27 .1
108.250000 -7.660000 110 .1
102.020000 -4.440000 56 .1
97.040000 27.090000 209 .1
92.610000 6.700000 38 .1
100.100000 0.610000 187 .1
103.170000 -5.590000 163 .1
108.790000 -8.080000 101 .1
101.200000 -2.790000 55 .1
81.260000 29.330000 8 .1
81.090000 29.600000 20 .1
94.700000 15.870000 204 .1
102.410000 -5.130000 34 .1
103.120000 -5.370000 45 .1
93.900000 22.720000 298 .1
97.310000 0.150000 16 .1
98.070000 2.060000 31 .1
102.910000 -5.430000 39 .1
102.930000 -5.420000 341 .1
95.380000 24.940000 225 .1
94.590000 22.960000 337 .1
95.130000 22.490000 97 .1
106.460000 -8.810000 61 .1
92.910000 12.140000 199 .1
100.590000 -1.530000 57 .1
102.420000 -6.180000 111 .1
97.780000 4.400000 30 .1
101.920000 -4.600000 49 .1
97.020000 2.480000 11 .1
86.350000 18.660000 55 .1
103.160000 -4.740000 52 .1
103.050000 -4.740000 77 .1
108.650000 -7.450000 113 .1
107.190000 -8.090000 11 .1
92.990000 11.690000 358 .1
101.260000 -3.160000 9 .1
102.990000 -6.750000 55 .1
93.640000 12.950000 21 .1
94.810000 5.730000 297 .1
99.070000 14.950000 175 .1
99.080000 14.930000 220 .1
99.600000 -1.810000 45 .1
103.230000 -4.730000 83 .1
94.780000 5.720000 173 .1
105.630000 -6.750000 351 .1
87.490000 3.250000 222 .1
95.200000 24.570000 27 .1
103.540000 -4.660000 322 .1
103.170000 -5.830000 78 .1
104.030000 -6.360000 55 .1
102.450000 -5.080000 83 .1
103.570000 -7.130000 89 .1
94.650000 24.500000 204 .1
106.910000 -7.710000 45 .1
105.340000 -6.630000 306 .1
100.030000 -1.020000 60 .1
98.920000 0.990000 214 .1
98.040000 0.190000 64 .1
107.970000 -7.940000 6 .1
92.840000 24.600000 82 .1
98.830000 1.640000 197 .1
104.540000 -5.900000 342 .1
105.470000 -6.620000 27 .1
96.050000 26.180000 54 .1
107.980000 -7.720000 350 .1
95.130000 29.160000 266 .1
107.100000 -6.890000 344 .1
104.240000 -6.240000 27 .1
99.900000 -0.850000 63 .1
94.570000 22.890000 177 .1
95.000000 4.400000 151 .1
106.450000 -7.320000 138 .1
93.510000 9.090000 208 .1
98.040000 2.050000 75 .1
93.360000 13.050000 62 .1
96.290000 26.760000 118 .1
102.700000 -4.290000 10 .1
105.440000 -6.520000 65 .1
102.060000 -4.610000 44 .1
104.900000 -6.270000 349 .1
94.440000 23.060000 225 .1
105.260000 -7.910000 67 .1
104.260000 -5.760000 350 .1
99.120000 0.960000 162 .1
102.750000 -4.500000 4 .1
93.460000 11.030000 215 .1
94.480000 4.660000 231 .1
98.230000 -1.110000 60 .1
103.380000 -4.640000 44 .1
95.120000 25.140000 14 .1
100.750000 -1.340000 129 .1
95.160000 25.330000 37 .1
107.190000 -7.740000 218 .1
86.610000 26.780000 320 .1
95.140000 25.310000 157 .1
101.920000 -5.010000 343 .1
85.540000 27.700000 39 .1
99.420000 23.380000 212 .1
97.160000 1.870000 79 .1
102.890000 -5.520000 40 .1
92.370000 24.360000 21 .1
101.470000 -4.290000 7 .1
101.430000 -4.220000 45 .1
101.390000 -4.210000 54 .1
102.990000 -5.470000 25 .1
101.390000 -4.180000 24 .1
87.000000 -3.880000 14 .1
102.030000 -4.470000 20 .1
94.580000 22.800000 201 .1
96.150000 2.710000 75 .1
102.760000 -5.060000 47 .1
92.210000 -8.550000 349 .1
102.930000 -4.430000 63 .1
106.530000 -8.750000 154 .1
95.280000 24.750000 230 .1
96.100000 3.850000 43 .1
109.070000 -8.110000 33 .1
108.110000 -6.930000 188 .1
95.330000 3.740000 261 .1
105.320000 -6.550000 25 .1
98.410000 -0.440000 60 .1
102.400000 -3.960000 15 .1
100.930000 -3.470000 22 .1
108.860000 -8.660000 18 .1
97.190000 3.730000 175 .1
97.380000 3.910000 177 .1
98.710000 0.590000 37 .1
84.610000 -2.860000 138 .1
102.360000 -3.980000 20 .1
82.810000 -3.420000 131 .1
103.910000 -6.010000 326 .1
102.510000 -5.490000 331 .1
104.860000 -6.010000 352 .1
99.920000 -1.120000 66 .1
93.850000 12.480000 187 .1
95.420000 3.800000 210 .1
102.880000 -4.240000 355 .1
102.070000 -3.610000 348 .1
93.090000 24.670000 348 .1
103.180000 -4.920000 2 .1
86.980000 9.270000 26 .1
109.120000 -7.150000 276 .1
103.150000 -5.770000 28 .1
103.220000 -5.680000 346 .1
95.240000 24.820000 2 .1
104.570000 -4.300000 114 .1
94.910000 24.300000 11 .1
103.070000 -5.410000 37 .1
103.020000 -5.500000 72 .1
104.350000 -6.110000 76 .1
103.010000 -5.360000 4 .1
102.860000 -5.570000 63 .1
101.820000 -3.070000 127 .1
84.960000 -3.070000 180 .1
93.620000 11.620000 101 .1
106.950000 -8.110000 337 .1
102.990000 -5.790000 322 .1
101.960000 -4.860000 43 .1
102.400000 -4.070000 8 .1
99.680000 -1.620000 42 .1
94.720000 6.530000 13 .1
102.600000 -4.320000 295 .1
96.160000 2.940000 36 .1
102.900000 -5.240000 2 .1
92.510000 11.790000 74 .1
98.020000 1.920000 2 .1
106.130000 -7.090000 357 .1
98.680000 -0.560000 15 .1
103.740000 -4.820000 156 .1
99.810000 -2.010000 1 .1
99.800000 -2.000000 31 .1
99.720000 -2.060000 29 .1
99.580000 -2.070000 344 .1
99.540000 -1.860000 346 .1
104.440000 -5.800000 345 .1
109.060000 -8.000000 345 .1
107.550000 -5.920000 45 .1
101.470000 -3.140000 357 .1
95.220000 24.720000 201 .1
104.930000 -6.210000 3 .1
96.270000 3.030000 6 .1
97.620000 4.220000 307 .1
104.600000 -5.900000 347 .1
103.850000 29.090000 128 .1
106.570000 -7.310000 45 .1
95.870000 3.000000 29 .1
105.080000 -6.400000 289 .1
95.330000 25.010000 8 .1
95.140000 25.260000 232 .1
96.210000 2.980000 50 .1
103.940000 -5.700000 352 .1
106.290000 -6.980000 41 .1
103.230000 -4.930000 37 .1
95.940000 3.090000 15 .1
101.930000 -4.540000 39 .1
102.820000 -4.270000 11 .1
99.680000 -2.020000 19 .1
99.620000 -1.960000 26 .1
96.070000 2.780000 54 .1
92.640000 24.500000 192 .1
107.490000 -7.940000 27 .1
103.190000 -4.740000 16 .1
104.100000 -6.230000 31 .1
80.530000 29.840000 9 .1
105.510000 -6.610000 28 .1
102.140000 -3.370000 295 .1
101.550000 -3.150000 35 .1
99.740000 -1.870000 19 .1
80.040000 23.080000 13 .1
97.600000 1.070000 359 .1
97.600000 1.070000 24 .1
94.880000 21.820000 298 .1
93.160000 23.890000 60 .1
99.910000 -1.970000 16 .1
102.840000 -4.450000 62 .1
104.010000 -6.380000 39 .1
103.190000 -4.960000 19 .1
94.200000 6.880000 207 .1
92.700000 22.210000 253 .1
99.260000 -0.540000 50 .1
99.480000 -2.230000 59 .1
99.630000 -2.190000 38 .1
104.060000 -6.310000 1 .1
102.190000 -4.250000 3 .1
103.070000 -4.690000 37 .1
107.200000 -7.580000 354 .1
106.950000 -7.770000 275 .1
92.810000 27.770000 323 .1
106.870000 -6.380000 95 .1
92.510000 11.050000 51 .1
102.960000 -5.160000 42 .1
104.260000 -5.900000 17 .1
107.860000 -7.610000 147 .1
103.030000 -4.480000 337 .1
101.960000 -4.760000 35 .1
99.230000 -0.240000 42 .1
104.720000 -6.470000 1 .1
103.860000 -5.970000 351 .1
104.220000 -6.190000 13 .1
96.040000 3.370000 327 .1
107.560000 -5.810000 29 .1
102.370000 -4.140000 13 .1
102.940000 -5.300000 167 .1
102.660000 -4.080000 355 .1
102.190000 -5.410000 353 .1
106.460000 -6.320000 331 .1
106.140000 -6.580000 139 .1
102.090000 -6.010000 351 .1
107.090000 -7.090000 152 .1
97.210000 4.570000 5 .1
106.610000 -8.950000 2 .1
103.080000 -4.740000 138 .1
109.590000 -9.190000 24 .1
98.040000 2.010000 124 .1
98.000000 -0.850000 36 .1
102.660000 -4.910000 30 .1
106.660000 -7.360000 349 .1
102.010000 -4.140000 10 .1
102.129 -4.405 132 .1
102.690000 -5.000000 24 .1
102.700000 -5.090000 34 .1
97.240000 26.860000 20 .1
101.900000 -4.610000 88 .1
97.020000 26.590000 216 .1
102.750000 -5.330000 46 .1
102.760000 -5.360000 25 .1
102.050000 -4.480000 130 .1
101.490000 -5.540000 332 .1
102.730000 -4.820000 352 .1
94.690000 24.510000 223 .1
101.970000 -4.630000 56 .1
103.760000 -4.470000 324 .1
102.370000 -4.070000 42 .1
102.690000 -6.030000 29 .1
102.710000 -5.200000 54 .1
96.590000 1.440000 38 .1
101.820000 -5.430000 60 .1
107.880000 -6.650000 61 .1
92.950000 10.000000 274 .1
94.860000 23.870000 73 .1
92.860000 9.980000 264 .1
105.630000 -6.550000 29 .1
92.980000 9.940000 283 .1
102.600000 -4.860000 24 .1
108.890000 -8.700000 342 .1
101.780000 -4.020000 51 .1
101.600000 -4.190000 55 .1
101.750000 -4.050000 41 .1
99.250000 -0.200000 151 .1
102.560000 -4.680000 45 .1
102.490000 -5.160000 47 .1
102.760000 -4.780000 43 .1
102.740000 -4.780000 54 .1
102.730000 -5.090000 358 .1
102.450000 -4.900000 57 .1
97.680000 0.340000 2 .1
102.190000 -5.360000 25 .1
106.120000 -7.210000 23 .1
102.630000 -4.890000 42 .1
101.630000 -4.190000 58 .1
102.200000 -4.380000 162 .1
95.040000 24.630000 98 .1
106.490000 -9.180000 241 .1
101.080000 -3.630000 29 .1
93.530000 12.280000 20 .1
97.780000 0.410000 37 .1
107.210000 -7.740000 138 .1
98.540000 0.290000 134 .1
94.990000 24.430000 15 .1
80.210000 11.960000 11 .1
81.750000 29.610000 347 .1
81.750000 29.550000 10 .1
101.900000 -4.760000 26 .1
97.920000 1.950000 347 .1
101.440000 -4.040000 68 .1
102.340000 -5.630000 47 .1
95.630000 3.490000 358 .1
95.610000 3.510000 41 .1
95.660000 3.540000 208 .1
95.660000 3.530000 214 .1
95.680000 3.480000 141 .1
104.590000 -5.880000 38 .1
101.380000 -4.120000 60 .1
98.680000 -0.500000 35 .1
103.130000 -4.800000 121 .1
107.870000 -7.640000 21 .1
102.060000 -5.820000 18 .1
101.700000 -5.840000 354 .1
102.560000 -2.340000 21 .1
104.180000 -6.960000 35 .1
103.990000 -6.980000 266 .1
84.79 27.11 164 .1
87.93 28.21 174 .1
104.600000 -6.350000 359 .1
93.430000 8.340000 212 .1
105.710000 -6.750000 11 .1
104.880000 -6.200000 16 .1
93.070000 13.040000 302 .1
93.160000 13.060000 296 .1
93.170000 13.110000 54 .1
101.380000 -3.250000 41 .1
103.030000 -5.860000 62 .1
94.420000 6.030000 287 .1
96.080000 2.820000 27 .1
96.390000 2.950000 33 .1
104.570000 -5.650000 69 .1
96.090000 3.010000 27 .1
102.180000 -4.210000 118 .1
104.040000 -5.650000 40 .1
105.640000 -6.610000 71 .1
98.600000 0.540000 57 .1
97.960000 0.200000 68 .1
95.240000 19.890000 128 .1
103.680000 -5.510000 41 .1
95.430000 4.000000 283 .1
101.200000 -2.730000 44 .1
103.210000 -4.680000 26 .1
103.680000 -7.020000 33 .1
103.690000 -7.030000 27 .1
107.320000 -8.060000 347 .1
108.370000 -9.530000 15 .1
95.760000 2.770000 329 .1
102.060000 -3.640000 48 .1
93.600000 6.680000 95 .1
92.310000 22.850000 68 .1
92.340000 22.830000 92 .1
102.120000 -5.640000 40 .1
96.820000 2.080000 35 .1
96.070000 2.590000 337 .1
102.840000 -4.440000 14 .1
103.570000 -5.630000 12 .1
103.250000 -4.820000 37 .1
103.770000 -6.100000 56 .1
95.740000 19.810000 211 .1
102.630000 -4.070000 35 .1
93.250000 13.040000 84 .1
106.270000 -6.960000 21 .1
95.700000 19.850000 226 .1
102.810000 -5.560000 6 .1
102.030000 -5.800000 185 .1
94.710000 4.150000 220 .1
105.870000 -8.570000 48 .1
100.650000 -0.470000 223 .1
102.330000 -6.160000 92 .1
102.220000 -6.130000 61 .1
104.530000 -5.800000 34 .1
101.940000 -5.110000 86 .1
105.440000 -6.650000 48 .1
100.540000 -1.550000 54 .1
93.220000 13.110000 89 .1
102.720000 -5.210000 313 .1
102.200000 -4.280000 46 .1
93.190000 13.090000 91 .1
106.180000 -6.940000 51 .1
97.820000 0.410000 52 .1
102.650000 -5.230000 51 .1
97.220000 27.100000 69 .1
103.910000 -6.160000 17 .1
97.380000 1.290000 357 .1
102.850000 -4.340000 6 .1
95.670000 -6.240000 108 .1
109.790000 -8.290000 80 .1
98.730000 0.110000 49 .1
107.960000 -7.750000 11 .1
97.910000 0.190000 44 .1
94.300000 24.300000 229 .1
103.100000 -4.890000 50 .1
101.920000 -4.890000 49 .1
103.210000 -4.910000 40 .1
102.870000 -6.960000 52 .1
97.930000 1.980000 65 .1
99.340000 -2.070000 38 .1
100.620000 -3.090000 87 .1
92.540000 24.760000 333 .1
95.780000 3.300000 59 .1
92.960000 6.910000 81 .1
92.380000 8.880000 63 .1
93.740000 8.860000 2 .1
94.470000 2.780000 37 .1
94.090000 3.650000 186 .1
94.160000 2.790000 72 .1
94.470000 5.480000 48 .1
94.890000 3.350000 18 .1
92.580000 6.760000 80 .1
93.480000 7.940000 13 .1
94.510000 2.710000 35 .1
94.610000 5.520000 44 .1
93.280000 6.480000 82 .1
94.650000 5.350000 50 .1
92.640000 7.710000 56 .1
95.110000 4.720000 40 .1
94.630000 2.750000 41 .1
95.610000 2.930000 245 .1
93.870000 3.350000 212 .1
92.650000 8.740000 66 .1
92.810000 6.820000 1 .1
92.350000 10.550000 112 .1
95.210000 4.730000 34 .1
93.000000 6.700000 191 .1
93.760000 3.370000 232 .1
93.000000 6.720000 24 .1
93.160000 8.380000 48 .1
93.140000 9.360000 143 .1
94.900000 5.140000 125 .1
95.570000 2.800000 21 .1
93.880000 3.110000 246 .1
94.660000 5.450000 60 .1
94.280000 5.530000 53 .1
94.400000 5.770000 345 .1
94.300000 5.530000 60 .1
92.510000 12.240000 119 .1
94.390000 2.700000 64 .1
94.540000 5.290000 60 .1
94.490000 5.350000 54 .1
92.530000 7.120000 49 .1
95.190000 4.320000 335 .1
93.280000 5.900000 262 .1
94.830000 5.030000 54 .1
92.910000 6.200000 89 .1
95.270000 3.170000 214 .1
94.860000 5.110000 46 .1
95.140000 4.730000 56 .1
95.620000 2.910000 28 .1
94.400000 5.470000 65 .1
94.810000 4.930000 67 .1
93.220000 8.110000 38 .1
92.700000 7.140000 20 .1
92.760000 7.190000 31 .1
96.490000 3.180000 19 .1
95.460000 3.240000 213 .1
94.460000 5.390000 79 .1
92.790000 6.360000 68 .1
94.340000 5.350000 101 .1
92.220000 10.580000 90 .1
92.360000 10.670000 95 .1
93.070000 6.500000 346 .1
94.790000 4.920000 46 .1
94.600000 5.120000 53 .1
91.730000 10.560000 89 .1
93.650000 3.530000 249 .1
93.030000 6.720000 35 .1
94.760000 5.590000 59 .1
94.390000 5.490000 56 .1
94.830000 5.320000 57 .1
91.910000 10.630000 105 .1
94.780000 4.870000 145 .1
92.400000 7.590000 43 .1
95.110000 4.930000 41 .1
92.280000 10.530000 102 .1
95.440000 2.900000 43 .1
94.790000 5.060000 46 .1
94.620000 5.550000 54 .1
94.740000 5.120000 68 .1
94.380000 5.620000 86 .1
93.250000 8.860000 7 .1
95.200000 4.800000 33 .1
93.920000 3.130000 36 .1
105.240000 -6.460000 39 .1
95.920000 3.870000 30 .1
92.020000 10.620000 116 .1
94.700000 22.970000 1 .1
97.200000 1.220000 46 .1
94.140000 3.630000 205 .1
94.090000 3.600000 210 .1
94.160000 3.580000 223 .1
94.390000 2.600000 13 .1
94.810000 4.750000 46 .1
94.670000 5.450000 44 .1
94.600000 2.700000 30 .1
94.330000 5.340000 74 .1
91.780000 10.780000 265 .1
94.310000 5.510000 59 .1
94.710000 5.070000 38 .1
93.000000 13.100000 208 .1
93.700000 3.330000 55 .1
93.750000 3.320000 215 .1
94.320000 5.510000 46 .1
94.560000 5.180000 52 .1
94.230000 2.800000 219 .1
94.500000 5.270000 64 .1
92.840000 6.830000 82 .1
95.750000 2.720000 349 .1
94.990000 2.260000 208 .1
93.580000 13.850000 112 .1
95.800000 19.820000 219 .1
95.160000 2.280000 348 .1
92.620000 6.800000 64 .1
95.120000 4.800000 40 .1
94.790000 5.080000 53 .1
94.800000 5.070000 53 .1
98.730000 -0.130000 279 .1
95.160000 4.700000 32 .1
94.420000 5.450000 57 .1
101.610000 -5.640000 58 .1
94.330000 5.230000 75 .1
92.210000 11.400000 133 .1
93.750000 3.260000 249 .1
91.770000 10.830000 75 .1
95.460000 2.880000 25 .1
95.730000 2.890000 7 .1
94.260000 2.740000 28 .1
95.590000 2.910000 24 .1
101.540000 -5.610000 53 .1
91.830000 9.310000 42 .1
93.060000 9.400000 92 .1
94.690000 5.480000 39 .1
92.970000 11.550000 207 .1
94.600000 5.490000 64 .1
93.150000 9.440000 92 .1
94.430000 5.440000 79 .1
102.750000 -5.640000 39 .1
95.090000 4.860000 43 .1
95.670000 4.000000 31 .1
92.570000 12.310000 107 .1
94.370000 5.490000 58 .1
97.110000 2.090000 63 .1
96.580000 2.650000 32 .1
97.260000 1.080000 26 .1
97.760000 1.800000 51 .1
97.330000 2.350000 9 .1
97.320000 1.070000 50 .1
97.100000 1.770000 33 .1
96.940000 1.890000 9 .1
97.720000 0.180000 54 .1
97.240000 2.530000 36 .1
95.410000 2.990000 28 .1
95.420000 2.930000 33 .1
97.170000 1.250000 64 .1
94.370000 5.440000 78 .1
97.160000 1.230000 79 .1
96.720000 2.110000 34 .1
97.070000 1.860000 1 .1
97.190000 1.310000 57 .1
97.120000 1.700000 47 .1
94.580000 5.110000 63 .1
97.210000 1.320000 55 .1
97.740000 0.350000 41 .1
97.090000 1.360000 79 .1
96.370000 2.290000 67 .1
96.690000 2.170000 31 .1
97.090000 2.700000 41 .1
97.240000 1.130000 27 .1
99.840000 -1.730000 78 .1
98.320000 0.370000 55 .1
97.940000 2.020000 59 .1
97.140000 1.170000 61 .1
96.280000 2.970000 300 .1
96.750000 2.090000 35 .1
97.410000 1.030000 97 .1
97.870000 1.610000 59 .1
97.150000 1.280000 67 .1
97.860000 1.970000 70 .1
94.330000 5.260000 41 .1
96.330000 2.190000 97 .1
102.420000 -3.980000 65 .1
96.770000 2.070000 44 .1
97.240000 1.200000 68 .1
97.440000 0.560000 204 .1
97.160000 1.350000 42 .1
97.200000 1.310000 47 .1
99.420000 -1.570000 239 .1
97.160000 1.400000 56 .1
97.270000 1.100000 83 .1
92.230000 10.570000 146 .1
99.610000 -1.640000 232 .1
99.780000 -1.710000 180 .1
99.720000 -1.710000 237 .1
99.640000 -1.630000 27 .1
99.930000 -1.780000 173 .1
99.640000 -1.620000 21 .1
99.620000 -1.650000 225 .1
99.780000 -1.830000 42 .1
99.720000 -1.590000 225 .1
99.800000 -1.700000 14 .1
99.800000 -1.640000 178 .1
99.790000 -1.750000 1 .1
99.560000 -1.540000 240 .1
103.790000 -6.230000 39 .1
99.660000 -1.690000 76 .1
96.760000 2.170000 38 .1
96.830000 2.080000 40 .1
99.730000 -1.730000 52 .1
99.690000 -1.740000 56 .1
99.850000 -1.760000 202 .1
99.450000 -1.590000 223 .1
99.800000 -1.760000 196 .1
99.850000 -1.710000 208 .1
93.700000 3.370000 219 .1
99.880000 -1.710000 65 .1
99.950000 -1.910000 52 .1
104.750000 -6.080000 14 .1
96.330000 2.930000 281 .1
97.110000 1.100000 46 .1
97.660000 1.810000 74 .1
99.560000 -1.620000 229 .1
99.620000 -1.630000 58 .1
97.490000 0.930000 60 .1
96.300000 2.360000 43 .1
95.990000 2.750000 25 .1
96.310000 2.370000 51 .1
97.250000 1.080000 28 .1
94.070000 3.030000 53 .1
97.020000 2.290000 7 .1
97.170000 1.360000 57 .1
93.170000 4.290000 50 .1
96.800000 2.130000 31 .1
97.130000 1.970000 45 .1
99.300000 -1.660000 72 .1
99.860000 -1.620000 157 .1
97.090000 1.300000 30 .1
95.880000 2.460000 34 .1
94.270000 5.230000 67 .1
94.840000 5.100000 49 .1
103.140000 -6.230000 45 .1
97.320000 1.200000 44 .1
97.230000 1.240000 42 .1
97.000000 2.600000 107 .1
94.470000 5.060000 79 .1
96.270000 2.420000 44 .1
98.460000 0.590000 56 .1
98.570000 0.350000 92 .1
93.510000 3.740000 222 .1
97.930000 0.220000 87 .1
97.040000 1.990000 20 .1
97.920000 1.960000 61 .1
97.170000 1.400000 76 .1
94.800000 5.280000 55 .1
97.450000 0.800000 53 .1
94.530000 2.650000 45 .1
95.600000 2.910000 6 .1
97.180000 1.350000 33 .1
96.670000 2.040000 88 .1
94.430000 5.240000 41 .1
94.650000 5.460000 70 .1
94.630000 28.880000 299 .1
97.150000 1.460000 68 .1
96.720000 2.170000 38 .1
97.090000 1.810000 40 .1
97.510000 1.010000 51 .1
94.170000 2.740000 230 .1
94.750000 5.620000 67 .1
96.800000 2.140000 26 .1
97.250000 1.170000 52 .1
96.350000 2.300000 18 .1
94.750000 4.950000 46 .1
92.620000 6.610000 71 .1
107.460000 -7.850000 23 .1
95.150000 4.810000 30 .1
93.270000 4.180000 53 .1
97.140000 1.280000 68 .1
97.250000 1.100000 55 .1
93.610000 13.850000 111 .1
97.080000 1.820000 59 .1
95.060000 2.260000 171 .1
103.550000 -5.920000 37 .1
93.420000 3.960000 67 .1
94.390000 2.630000 68 .1
97.110000 1.330000 47 .1
97.230000 1.270000 49 .1
92.900000 10.350000 94 .1
94.990000 21.010000 331 .1
94.590000 2.590000 66 .1
94.420000 5.460000 66 .1
94.800000 5.110000 68 .1
99.630000 -1.490000 232 .1
96.840000 1.180000 38 .1
96.020000 2.640000 33 .1
93.690000 3.220000 247 .1
93.770000 3.290000 245 .1
97.420000 1.090000 76 .1
94.480000 5.180000 86 .1
97.760000 0.350000 21 .1
97.820000 0.380000 57 .1
97.150000 1.220000 84 .1
94.260000 5.250000 56 .1
92.670000 6.720000 74 .1
94.020000 3.020000 65 .1
97.210000 1.370000 51 .1
94.570000 5.440000 37 .1
96.690000 2.160000 67 .1
94.580000 5.550000 53 .1
97.140000 1.470000 49 .1
92.250000 11.040000 64 .1
97.740000 0.320000 42 .1
99.620000 -1.660000 178 .1
94.790000 5.070000 58 .1
102.700000 -3.800000 275 .1
95.140000 4.750000 65 .1
94.690000 5.500000 23 .1
97.400000 0.630000 344 .1
95.040000 4.860000 43 .1
96.310000 2.430000 20 .1
94.780000 24.560000 1 .1
97.170000 1.340000 71 .1
95.970000 3.980000 54 .1
103.880000 -5.950000 34 .1
97.240000 1.110000 77 .1
94.390000 5.540000 60 .1
107.030000 -7.890000 33 .1
94.280000 5.560000 58 .1
97.870000 1.980000 84 .1
92.300000 10.890000 91 .1
95.100000 4.820000 41 .1
97.950000 2.030000 49 .1
99.530000 -1.460000 220 .1
95.830000 2.740000 47 .1
99.540000 -1.790000 28 .1
96.360000 2.310000 9 .1
96.210000 2.360000 63 .1
97.130000 1.690000 64 .1
84.860000 28.390000 210 .1
97.270000 1.230000 51 .1
95.470000 2.820000 43 .1
96.790000 2.160000 36 .1
103.510000 -4.000000 160 .1
96.940000 0.730000 151 .1
97.270000 1.160000 62 .1
97.240000 1.140000 39 .1
93.820000 3.090000 240 .1
97.160000 1.060000 18 .1
96.280000 2.390000 58 .1
97.200000 1.360000 45 .1
97.330000 0.150000 233 .1
94.520000 5.120000 35 .1
95.920000 2.840000 29 .1
95.140000 4.740000 23 .1
97.900000 0.120000 43 .1
97.860000 0.040000 46 .1
97.530000 0.980000 62 .1
94.750000 4.870000 60 .1
93.270000 13.030000 109 .1
96.070000 2.700000 23 .1
93.000000 4.920000 266 .1
86.380000 27.250000 9 .1
92.410000 11.900000 86 .1
96.450000 2.220000 33 .1
97.100000 1.610000 66 .1
97.220000 1.060000 54 .1
95.450000 2.860000 21 .1
96.250000 2.410000 34 .1
88.390000 27.380000 17 .1
94.440000 5.350000 58 .1
81.340000 -7.670000 348 .1
105.980000 -8.670000 11 .1
106.040000 -8.660000 49 .1
94.690000 5.610000 58 .1
95.900000 2.670000 71 .1
101.440000 -4.550000 57 .1
101.410000 -4.570000 92 .1
107.760000 -7.760000 70 .1
97.080000 1.660000 58 .1
93.640000 13.880000 111 .1
106.720000 -7.370000 25 .1
94.780000 5.070000 54 .1
96.050000 4.130000 21 .1
93.970000 2.940000 244 .1
95.680000 2.720000 6 .1
94.930000 2.270000 226 .1
96.390000 2.410000 26 .1
93.070000 4.750000 73 .1
100.010000 -0.630000 152 .1
93.220000 9.410000 99 .1
97.000000 1.990000 23 .1
102.360000 -4.840000 45 .1
97.160000 1.300000 58 .1
94.320000 23.310000 105 .1
94.440000 5.510000 50 .1
92.460000 6.980000 66 .1
94.570000 5.510000 68 .1
94.370000 2.650000 236 .1
97.130000 1.420000 23 .1
92.450000 6.940000 58 .1
102.150000 -4.750000 193 .1
92.790000 6.500000 72 .1
93.600000 3.720000 43 .1
107.410000 -9.250000 20 .1
105.390000 -6.530000 41 .1
97.150000 1.710000 66 .1
97.180000 1.460000 45 .1
96.350000 2.400000 31 .1
94.660000 5.520000 50 .1
95.100000 4.720000 8 .1
104.150000 28.010000 85 .1
107.940000 -9.160000 15 .1
94.780000 5.120000 60 .1
97.470000 1.070000 55 .1
93.120000 9.450000 97 .1
97.250000 1.320000 69 .1
95.010000 4.940000 228 .1
97.430000 1.110000 58 .1
97.360000 1.040000 41 .1
92.330000 24.540000 231 .1
94.780000 4.750000 51 .1
94.770000 4.740000 65 .1
99.090000 3.400000 168 .1
94.750000 5.080000 49 .1
95.020000 4.820000 44 .1
92.360000 10.650000 80 .1
94.350000 5.450000 59 .1
101.410000 -5.440000 65 .1
97.960000 0.250000 54 .1
92.440000 8.080000 47 .1
101.450000 -5.490000 57 .1
95.810000 2.820000 31 .1
97.110000 1.730000 61 .1
107.190000 -7.820000 273 .1
97.320000 0.450000 50 .1
94.260000 5.210000 57 .1
97.230000 0.640000 30 .1
97.370000 1.070000 53 .1
102.980000 -4.390000 17 .1
96.340000 3.780000 161 .1
97.910000 1.960000 63 .1
102.950000 -4.430000 55 .1
95.700000 2.920000 23 .1
94.640000 5.360000 49 .1
94.620000 5.510000 64 .1
99.870000 -2.330000 41 .1
97.250000 1.250000 43 .1
96.030000 4.110000 12 .1
96.750000 2.010000 8 .1
96.150000 2.670000 28 .1
94.580000 5.420000 46 .1
103.220000 -7.350000 49 .1
104.540000 -5.950000 12 .1
97.460000 5.000000 206 .1
98.000000 2.270000 51 .1
92.520000 7.160000 51 .1
95.610000 19.310000 52 .1
95.610000 19.240000 43 .1
107.680000 -5.930000 60 .1
107.419 -5.859 53 .1
99.320000 1.800000 178 .1
97.750000 0.290000 43 .1
97.800000 0.340000 39 .1
101.370000 -4.440000 58 .1
100.840000 -2.620000 47 .1
99.670000 -1.690000 16 .1
99.630000 -2.130000 42 .1
101.270000 -4.300000 49 .1
101.530000 -3.160000 54 .1
99.950000 -2.230000 46 .1
101.830000 -3.780000 56 .1
100.120000 -2.150000 37 .1
101.170000 -4.070000 60 .1
101.200000 -4.230000 43 .1
101.220000 -4.230000 57 .1
101.190000 -2.790000 49 .1
101.240000 -2.800000 11 .1
99.720000 -1.760000 215 .1
101.110000 -2.760000 55 .1
101.170000 -2.720000 55 .1
101.200000 -2.830000 53 .1
100.770000 -3.640000 42 .1
101.350000 -3.260000 54 .1
100.890000 -2.750000 60 .1
101.230000 -4.300000 84 .1
100.140000 -2.000000 43 .1
99.940000 -2.000000 51 .1
99.930000 -2.130000 44 .1
100.850000 -3.680000 41 .1
100.830000 -3.610000 66 .1
100.380000 -3.160000 57 .1
101.460000 -4.390000 47 .1
100.460000 -1.770000 49 .1
99.490000 -1.790000 44 .1
95.540000 2.920000 33 .1
95.520000 2.900000 18 .1
101.220000 -4.240000 55 .1
99.480000 -1.740000 35 .1
100.980000 -3.900000 53 .1
100.530000 -3.250000 47 .1
101.680000 -3.410000 59 .1
100.480000 -3.210000 52 .1
100.800000 -3.590000 49 .1
100.900000 -3.580000 54 .1
99.900000 -2.000000 48 .1
101.020000 -3.900000 51 .1
100.790000 -3.540000 52 .1
101.280000 -2.990000 45 .1
100.540000 -3.270000 64 .1
100.690000 -0.880000 182 .1
96.360000 3.060000 48 .1
95.060000 4.740000 43 .1
101.160000 -2.810000 51 .1
101.140000 -2.860000 49 .1
97.880000 1.980000 65 .1
101.360000 -4.620000 46 .1
105.990000 -7.070000 135 .1
94.570000 23.500000 225 .1
96.800000 2.090000 25 .1
101.030000 -2.780000 53 .1
94.680000 5.480000 53 .1
92.330000 22.760000 83 .1
92.870000 10.410000 79 .1
97.440000 1.010000 62 .1
97.160000 1.340000 34 .1
101.220000 -2.830000 32 .1
97.270000 1.030000 58 .1
101.210000 -3.010000 58 .1
100.930000 -3.290000 49 .1
99.950000 -2.430000 38 .1
95.960000 2.770000 29 .1
99.880000 -2.320000 43 .1
99.960000 -2.510000 49 .1
101.990000 -3.740000 41 .1
99.950000 -2.340000 31 .1
99.930000 -2.400000 52 .1
99.970000 -2.490000 47 .1
99.890000 -2.330000 48 .1
99.810000 -2.240000 50 .1
101.060000 -3.860000 64 .1
93.480000 3.930000 74 .1
99.820000 -2.180000 53 .1
94.820000 5.080000 48 .1
99.790000 -2.230000 51 .1
100.810000 -3.760000 40 .1
94.590000 2.700000 35 .1
101.100000 -2.900000 61 .1
95.300000 2.860000 30 .1
102.720000 -4.350000 46 .1
101.410000 -3.270000 46 .1
107.880000 -7.780000 32 .1
101.320000 -3.020000 52 .1
94.700000 5.510000 48 .1
95.090000 4.680000 28 .1
101.390000 -3.180000 51 .1
101.470000 -3.180000 57 .1
102.460000 -4.190000 29 .1
101.270000 -4.130000 48 .1
101.100000 -4.450000 48 .1
97.760000 0.350000 45 .1
99.970000 -2.080000 51 .1
97.480000 0.820000 27 .1
92.700000 6.790000 67 .1
101.430000 -3.180000 52 .1
97.160000 1.320000 52 .1
97.190000 1.340000 51 .1
95.330000 25.970000 227 .1
96.550000 2.230000 23 .1
91.660000 11.610000 83 .1
93.580000 13.860000 101 .1
101.080000 -3.940000 54 .1
100.990000 -3.910000 57 .1
103.060000 -3.930000 214 .1
96.320000 2.510000 34 .1
102.220000 -5.210000 41 .1
81.680000 -3.330000 201 .1
97.250000 1.140000 58 .1
101.260000 -4.350000 61 .1
101.750000 -4.740000 49 .1
100.750000 -3.650000 49 .1
101.040000 -2.830000 58 .1
103.510000 -6.070000 44 .1
95.040000 4.830000 41 .1
101.220000 -4.300000 59 .1
101.300000 -4.330000 49 .1
94.170000 6.450000 302 .1
100.720000 -3.530000 58 .1
98.180000 -0.350000 73 .1
98.270000 -0.260000 71 .1
98.550000 0.480000 52 .1
97.180000 1.440000 57 .1
95.050000 4.670000 27 .1
94.310000 5.260000 68 .1
100.630000 -3.510000 53 .1
94.440000 6.260000 348 .1
97.290000 1.180000 46 .1
100.410000 -3.090000 57 .1
100.470000 -3.120000 54 .1
100.320000 -3.330000 48 .1
99.090000 2.800000 348 .1
101.140000 -5.440000 67 .1
102.900000 -4.890000 68 .1
103.050000 -4.990000 39 .1
102.300000 -2.580000 185 .1
102.910000 -4.800000 47 .1
101.700000 -5.500000 66 .1
101.580000 -5.520000 53 .1
108.740000 -8.800000 15 .1
94.790000 24.320000 209 .1
99.490000 -1.480000 251 .1
99.430000 -1.450000 249 .1
99.270000 -1.530000 233 .1
99.550000 -1.380000 248 .1
99.420000 -1.450000 226 .1
97.950000 -0.910000 42 .1
99.370000 -1.370000 237 .1
99.480000 -1.420000 260 .1
99.570000 -1.650000 243 .1
94.660000 5.470000 82 .1
95.100000 25.280000 351 .1
99.470000 -1.360000 194 .1
107.300000 -7.780000 144 .1
94.680000 24.330000 234 .1
104.790000 -6.290000 5 .1
94.320000 5.260000 37 .1
102.670000 -4.500000 55 .1
91.440000 27.330000 11 .1
94.790000 20.400000 317 .1
99.870000 -0.720000 164 .1
105.220000 -6.530000 34 .1
91.420000 27.260000 23 .1
102.980000 -5.000000 58 .1
103.120000 -4.730000 46 .1
95.910000 2.770000 28 .1
91.820000 22.000000 75 .1
99.390000 -1.430000 225 .1
94.810000 24.360000 214 .1
102.690000 -4.260000 66 .1
99.090000 -0.320000 34 .1
100.910000 -2.880000 71 .1
94.290000 2.780000 210 .1
105.930000 -7.280000 57 .1
94.710000 23.200000 321 .1
100.980000 -3.760000 54 .1
94.620000 23.060000 193 .1
97.200000 1.340000 61 .1
83.730000 -2.720000 336 .1
102.830000 -4.640000 64 .1
100.140000 -2.150000 51 .1
97.050000 2.380000 37 .1
101.100000 -4.050000 56 .1
101.000000 -3.880000 66 .1
96.020000 3.750000 38 .1
95.850000 3.500000 41 .1
107.220000 -7.840000 315 .1
100.970000 -3.860000 49 .1
93.450000 11.120000 238 .1
108.280000 -9.560000 22 .1
93.090000 13.200000 206 .1
101.340000 -4.490000 52 .1
97.190000 1.240000 68 .1
92.250000 10.230000 73 .1
80.400000 29.840000 48 .1
97.140000 1.390000 56 .1
104.620000 -6.500000 26 .1
103.960000 -6.350000 17 .1
107.060000 -7.490000 30 .1
96.720000 2.220000 50 .1
103.580000 -4.120000 115 .1
103.460000 -6.910000 43 .1
96.950000 1.950000 33 .1
94.740000 5.000000 54 .1
94.740000 5.050000 51 .1
95.390000 3.660000 52 .1
94.340000 6.630000 307 .1
100.080000 -3.490000 46 .1
100.380000 -2.950000 57 .1
100.460000 -3.290000 42 .1
99.890000 -2.340000 47 .1
104.060000 -6.340000 38 .1
99.420000 -1.740000 46 .1
107.210000 -7.860000 117 .1
106.930000 -8.020000 39 .1
100.180000 -3.770000 355 .1
104.010000 -6.260000 30 .1
96.000000 3.880000 37 .1
94.670000 5.420000 54 .1
95.890000 2.710000 42 .1
95.960000 3.950000 31 .1
101.430000 -4.460000 44 .1
100.000000 -2.650000 24 .1
105.080000 -6.960000 52 .1
96.290000 2.490000 36 .1
96.290000 2.400000 26 .1
100.540000 -3.610000 23 .1
102.650000 -5.030000 40 .1
96.400000 2.630000 36 .1
95.520000 2.890000 39 .1
95.520000 2.900000 28 .1
102.140000 -4.250000 56 .1
96.830000 2.200000 34 .1
96.760000 1.990000 23 .1
94.680000 24.640000 346 .1
98.820000 0.810000 75 .1
97.890000 1.900000 63 .1
97.450000 0.830000 57 .1
80.760000 29.690000 48 .1
106.220000 -6.930000 50 .1
97.100000 1.620000 59 .1
108.520000 -8.040000 116 .1
100.630000 -3.530000 46 .1
101.850000 -4.890000 37 .1
103.480000 -5.710000 65 .1
101.360000 -3.250000 46 .1
98.720000 25.080000 1 .1
101.890000 -5.040000 41 .1
97.170000 1.420000 57 .1
106.460000 -7.200000 39 .1
101.100000 -2.830000 52 .1
101.090000 -2.910000 51 .1
102.400000 -4.250000 50 .1
94.950000 4.740000 33 .1
104.050000 -6.280000 30 .1
96.350000 2.480000 36 .1
103.710000 -6.140000 26 .1
103.050000 -4.070000 328 .1
99.940000 -2.460000 35 .1
101.350000 -3.250000 50 .1
95.240000 24.950000 233 .1
99.450000 -2.220000 32 .1
99.450000 -2.270000 49 .1
97.870000 0.170000 55 .1
102.180000 -4.320000 50 .1
104.340000 -5.840000 22 .1
99.070000 -0.940000 71 .1
96.270000 2.400000 29 .1
96.680000 2.070000 33 .1
102.200000 -3.680000 17 .1
94.400000 4.990000 84 .1
102.710000 -4.320000 39 .1
95.110000 4.620000 19 .1
94.570000 5.410000 51 .1
100.430000 -3.350000 50 .1
93.790000 3.310000 250 .1
92.140000 0.240000 124 .1
105.460000 -6.810000 58 .1
94.080000 2.840000 177 .1
93.820000 3.250000 260 .1
93.850000 3.260000 257 .1
93.820000 3.270000 232 .1
93.350000 2.150000 315 .1
93.720000 3.270000 257 .1
94.460000 2.700000 25 .1
100.440000 -3.340000 44 .1
94.510000 2.700000 23 .1
105.420000 -8.350000 33 .1
94.470000 2.640000 193 .1
100.150000 -2.820000 72 .1
106.370000 -7.690000 357 .1
94.670000 5.480000 55 .1
105.490000 -5.680000 123 .1
100.990000 -2.920000 57 .1
103.190000 -4.930000 37 .1
100.590000 -3.640000 2 .1
109.100000 -7.980000 6 .1
102.790000 -4.380000 40 .1
96.040000 2.710000 21 .1
104.420000 -6.000000 9 .1
100.470000 -1.760000 44 .1
96.960000 1.900000 22 .1
94.750000 5.060000 50 .1
103.000000 -4.750000 53 .1
82.690000 28.470000 37 .1
103.990000 27.580000 80 .1
100.590000 -3.320000 54 .1
103.740000 -6.170000 34 .1
89.700000 2.610000 201 .1
101.920000 -2.920000 290 .1
92.820000 26.880000 179 .1
97.670000 -0.430000 30 .1
98.380000 0.880000 104 .1
107.530000 -6.760000 154 .1
97.460000 0.890000 47 .1
106.670000 -7.370000 5 .1
102.830000 -4.530000 46 .1
93.640000 13.850000 100 .1
94.780000 22.440000 239 .1
95.050000 25.330000 18 .1
95.100000 4.720000 44 .1
101.300000 -2.990000 51 .1
94.980000 4.570000 38 .1
104.380000 -6.550000 17 .1
107.290000 -7.000000 312 .1
92.220000 24.680000 62 .1
95.830000 2.710000 35 .1
95.650000 19.220000 242 .1
102.530000 -4.150000 46 .1
95.750000 19.250000 41 .1
98.640000 0.220000 67 .1
106.070000 -7.090000 47 .1
95.620000 19.260000 215 .1
95.150000 28.890000 30 .1
104.960000 28.380000 58 .1
95.920000 3.890000 41 .1
107.910000 -9.160000 21 .1
107.440000 -9.330000 4 .1
102.380000 -4.940000 80 .1
82.280000 28.660000 24 .1
100.560000 -3.270000 61 .1
100.460000 -3.360000 42 .1
97.970000 5.380000 41 .1
94.430000 22.040000 13 .1
94.730000 23.940000 325 .1
100.400000 -3.290000 39 .1
94.380000 5.360000 62 .1
103.040000 -4.740000 352 .1
91.750000 1.250000 192 .1
88.400000 27.290000 34 .1
103.090000 -5.800000 33 .1
95.860000 3.960000 25 .1
107.800000 -8.110000 6 .1
94.460000 5.390000 74 .1
107.930000 -7.870000 15 .1
98.560000 0.260000 12 .1
96.830000 2.040000 29 .1
96.680000 2.030000 28 .1
91.510000 1.350000 154 .1
102.850000 -4.920000 19 .1
109.260000 -8.230000 236 .1
109.290000 -8.050000 225 .1
97.260000 1.210000 50 .1
97.140000 1.190000 50 .1
94.260000 7.300000 126 .1
103.810000 -4.560000 118 .1
100.430000 -3.990000 50 .1
102.280000 -5.240000 51 .1
103.620000 28.170000 90 .1
97.970000 1.960000 71 .1
97.880000 1.870000 42 .1
109.120000 -8.490000 2 .1
92.760000 4.250000 321 .1
93.860000 3.150000 229 .1
102.640000 -6.950000 31 .1
104.120000 -6.340000 33 .1
108.050000 -7.760000 13 .1
96.940000 1.930000 26 .1
94.650000 5.400000 55 .1
94.450000 6.040000 307 .1
97.260000 1.150000 54 .1
97.240000 1.130000 41 .1
104.620000 -6.220000 17 .1
93.870000 12.870000 263 .1
97.220000 1.050000 33 .1
93.440000 3.950000 57 .1
107.170000 -6.500000 111 .1
103.950000 -6.020000 170 .1
95.070000 4.780000 313 .1
105.990000 -7.180000 43 .1
97.920000 1.650000 55 .1
100.140000 -3.830000 30 .1
95.770000 2.720000 11 .1
86.370000 27.740000 338 .1
102.180000 -6.130000 31 .1
103.200000 29.350000 248 .1
102.790000 -4.760000 277 .1
95.190000 25.020000 341 .1
97.240000 1.340000 53 .1
104.890000 28.350000 108 .1
98.720000 -0.780000 46 .1
96.790000 2.000000 18 .1
93.380000 9.890000 213 .1
102.660000 -4.460000 50 .1
105.330000 -6.710000 46 .1
102.480000 -5.680000 33 .1
82.390000 28.900000 208 .1
84.710000 28.150000 17 .1
84.820000 28.220000 38 .1
86.020000 27.770000 19 .1
85.810000 27.770000 35 .1
86.070000 27.810000 37 .1
86.160000 27.620000 29 .1
86.070000 27.560000 54 .1
93.580000 14.010000 102 .1
94.740000 4.990000 67 .1
96.230000 19.080000 256 .1
94.720000 5.060000 55 .1
108.920000 -8.250000 103 .1
95.120000 4.680000 20 .1
107.220000 -8.040000 120 .1
103.710000 -6.030000 29 .1
103.640000 -6.080000 33 .1
107.400000 -8.050000 352 .1
100.300000 27.550000 293 .1
98.040000 0.580000 137 .1
94.860000 22.450000 182 .1
106.020000 -6.950000 135 .1
102.970000 -4.960000 49 .1
81.650000 29.400000 44 .1
107.020000 -8.370000 31 .1
96.690000 2.070000 45 .1
107.390000 -8.200000 23 .1
102.190000 -4.170000 59 .1
94.860000 23.100000 219 .1
100.490000 -3.620000 50 .1
96.210000 2.350000 359 .1
104.630000 -5.030000 114 .1
107.560000 -8.070000 41 .1
101.270000 -3.330000 54 .1
99.410000 -2.190000 38 .1
97.410000 0.980000 53 .1
102.300000 -4.510000 166 .1
94.570000 21.510000 224 .1
96.750000 2.010000 357 .1
94.930000 21.310000 300 .1
104.160000 -5.960000 11 .1
94.700000 23.900000 227 .1
94.570000 20.920000 68 .1
100.180000 -2.910000 46 .1
98.610000 0.550000 46 .1
101.770000 -4.910000 40 .1
102.750000 -4.430000 37 .1
86.530000 27.800000 35 .1
80.630000 29.980000 45 .1
96.690000 3.490000 312 .1
96.210000 5.300000 201 .1
94.610000 5.410000 53 .1
105.730000 29.470000 349 .1
108.800000 -8.750000 11 .1
100.350000 -1.720000 55 .1
102.720000 -5.270000 41 .1
94.560000 5.420000 64 .1
104.830000 28.180000 82 .1
107.390000 -7.520000 356 .1
96.070000 5.300000 177 .1
96.150000 5.250000 200 .1
102.020000 -4.210000 56 .1
102.190000 -6.260000 27 .1
95.860000 3.640000 38 .1
104.370000 -6.040000 352 .1
99.630000 -2.160000 44 .1
108.020000 -7.740000 14 .1
105.980000 -7.410000 86 .1
98.980000 2.750000 37 .1
101.380000 -5.660000 46 .1
102.240000 -2.670000 199 .1
108.990000 -8.160000 357 .1
101.620000 -3.770000 56 .1
99.890000 -2.300000 34 .1
99.690000 -1.160000 45 .1
104.960000 -6.040000 170 .1
93.110000 9.280000 30 .1
93.160000 10.240000 6 .1
102.100000 -3.370000 161 .1
95.790000 -7.360000 290 .1
104.610000 -6.510000 18 .1
94.980000 29.830000 209 .1
96.980000 1.370000 54 .1
102.950000 -5.030000 44 .1
106.820000 -7.880000 15 .1
101.040000 -2.810000 56 .1
94.900000 24.740000 304 .1
96.070000 18.370000 261 .1
93.160000 12.350000 226 .1
96.150000 18.390000 264 .1
105.940000 -7.410000 49 .1
102.850000 -4.540000 29 .1
103.890000 -6.530000 6 .1
105.530000 -6.980000 14 .1
96.160000 18.320000 255 .1
96.140000 18.360000 254 .1
104.910000 -6.340000 349 .1
93.580000 7.550000 77 .1
95.060000 4.570000 14 .1
93.430000 9.520000 336 .1
97.100000 1.390000 51 .1
96.990000 27.180000 52 .1
95.100000 24.600000 340 .1
98.590000 -2.020000 45 .1
98.690000 -1.950000 47 .1
98.670000 -1.930000 21 .1
98.640000 -1.930000 41 .1
96.070000 18.270000 235 .1
103.390000 -5.790000 11 .1
99.840000 -1.690000 159 .1
99.430000 -2.350000 29 .1
99.470000 -2.290000 46 .1
98.320000 0.630000 146 .1
96.890000 0.820000 58 .1
97.820000 4.560000 256 .1
95.900000 3.880000 35 .1
106.030000 -6.180000 173 .1
101.820000 -3.760000 54 .1
94.740000 4.990000 64 .1
96.920000 27.200000 50 .1
100.930000 -2.970000 52 .1
101.520000 -3.530000 49 .1
98.750000 -1.550000 39 .1
94.560000 5.380000 56 .1
99.680000 -2.450000 27 .1
104.920000 28.190000 79 .1
106.570000 -7.880000 26 .1
101.280000 -3.390000 48 .1
104.190000 -6.840000 26 .1
100.010000 -2.830000 47 .1
100.070000 -2.850000 54 .1
100.130000 -2.880000 69 .1
100.100000 -2.970000 33 .1
98.040000 -0.430000 75 .1
96.360000 27.330000 86 .1
104.610000 29.470000 93 .1
99.890000 -2.050000 41 .1
97.830000 1.920000 52 .1
98.780000 1.120000 187 .1
94.560000 28.410000 298 .1
102.140000 -4.270000 19 .1
102.030000 -5.400000 24 .1
97.720000 0.380000 47 .1
97.740000 0.340000 36 .1
108.950000 -8.200000 16 .1
99.030000 -0.300000 40 .1
104.870000 28.440000 268 .1
104.990000 28.400000 245 .1
104.810000 28.400000 73 .1
104.840000 28.490000 101 .1
87.110000 9.380000 156 .1
92.830000 27.720000 0 .1
92.800000 27.740000 277 .1
106.140000 -6.980000 44 .1
104.790000 -7.280000 290 .1
99.390000 -0.740000 48 .1
102.910000 -7.110000 32 .1
102.940000 -7.220000 30 .1
104.930000 29.530000 130 .1
91.650000 10.980000 105 .1
101.190000 -4.480000 60 .1
101.130000 -4.430000 57 .1
99.590000 -2.640000 39 .1
99.860000 -2.380000 32 .1
97.400000 0.830000 48 .1
81.140000 29.320000 20 .1
97.890000 -0.890000 50 .1
106.690000 22.940000 150 .1
106.730000 22.920000 127 .1
100.940000 -2.970000 48 .1
104.950000 29.610000 141 .1
92.400000 7.070000 259 .1
107.440000 -8.010000 12 .1
96.360000 2.350000 26 .1
99.900000 -1.910000 48 .1
99.880000 -1.970000 54 .1
103.120000 -3.950000 338 .1
103.010000 -5.850000 31 .1
94.030000 22.800000 336 .1
