AF  49.91  -80.64   0.267
AM  61.85 -106.77   0.271
AN  59.16 -127.49   0.220
AR  51.36  -18.47   0.465
AS  44.80   64.58   0.247
AU  32.36   38.00   0.630
BC -62.53  105.38   0.659
BG -44.08  -54.23   0.331
BU  -4.73  -76.35   2.331
CA  36.86  -99.48   0.274
CL -76.96   36.90   0.565
CO  26.69 -124.84   1.160
CP  41.48   26.09   0.610
DA  21.53   36.42   2.491
EA  25.06   67.62  11.331
EU  55.47  -99.88   0.254
GP   2.69   81.38   5.482
GV  22.97  -86.10   0.460
IN  51.01   -6.26   0.506
JF -38.17   60.51   0.989
JZ  34.30   70.80  22.369
LW  52.96  -61.96   0.254
MA  10.78  142.75   2.177
NA  -1.40  -86.22   0.207
NB -30.38  135.26   1.221
NI  -3.74 -174.25   3.305
NZ  48.83 -103.93   0.596
OK  26.84  -94.36   0.194
ON  38.29  145.75   1.365
PA -62.55  110.70   0.681
PM  16.16  -84.69   1.377
PR  27.10  -82.64   0.484
PS -47.87  -27.92   0.895
RI  20.14 -107.27   4.498
RO  52.31  -72.02   0.251
SA -20.66 -124.97   0.123
SB   6.81  -32.37   6.649
SC  18.33 -105.33   0.109
SI  53.48   -5.21   0.458
SK  27.16  128.69   7.152
SL  65.40  133.99   1.703
SO  47.31  -97.20   0.329
SS  -3.75  130.61   1.688
ST  36.28  135.28   2.851
SU  51.08  -94.63   0.333
SW -30.91  -35.42   1.363
TO  26.33    4.36   8.839
VI  44.32 -105.33   0.315
WL  -2.00  130.64   1.973
YA  64.79 -114.81   0.320
